187
530
96
168
941
402
425
320
675
812
380
787
721
556
270
181
37
875
745
688
364
755
510
583
180
831
326
504
356
863
503
692
584
77
964
630
401
535
325
885
697
481
102
624
836
278
971
581
10
691
345
518
593
80
944
361
503
900
709
99
397
388
483
832
735
759
89
641
607
329
23
898
18
810
362
511
634
306
71
971
59
4
868
228
177
140
450
158
510
62
935
850
530
981
408
915
43
988
475
782
500
812
930
843
305
787
171
364
448
189
253
520
827
858
734
845
90
932
991
400
390
331
361
90
968
278
512
633
448
312
21
471
58
789
58
59
50
504
703
995
616
914
105
75
231
713
770
20
407
131
812
628
706
661
414
533
276
380
945
365
747
255
13
802
6
831
260
824
594
725
208
168
943
686
936
206
730
653
189
615
828
797
867
341
463
753
844
849
376
499
742
580
272
861
797
434
548
735
139
835
389
197
163
775
938
92
549
198
113
82
299
425
84
807
266
536
896
635
749
593
73
685
380
738
530
246
705
451
72
800
347
363
70
254
235
181
899
897
84
430
855
747
496
78
877
484
413
793
650
375
814
593
980
265
78
378
853
725
391
337
311
910
328
682
657
562
478
909
608
632
185
43
161
326
415
443
530
777
678
812
328
689
99
998
955
568
624
937
414
656
121
377
355
270
207
637
99
463
398
515
451
461
49
889
818
205
53
354
175
521
611
220
135
917
551
882
548
208
766
579
249
569
844
245
169
883
643
143
816
863
200
563
506
789
559
820
623
718
638
873
880
840
671
997
779
135
488
115
241
357
124
459
537
654
140
195
270
858
496
757
827
15
311
305
703
251
23
615
604
923
950
99
617
747
263
229
575
451
808
75
928
265
855
358
947
361
421
430
12
286
979
243
233
499
561
593
952
987
686
839
475
953
505
556
398
229
885
710
407
436
220
40
963
147
946
391
106
711
906
610
217
763
375
148
277
87
272
792
695
706
558
503
419
36
298
504
306
891
343
237
1000
928
975
477
504
180
970
740
395
188
369
419
471
374
24
733
300
815
785
496
74
731
789
788
438
544
246
523
827
504
961
45
934
833
207
839
130
290
298
215
553
460
708
446
532
314
690
666
497
343
192
439
932
731
55
626
817
481
593
138
885
688
853
987
916
436
110
376
396
809
294
732
145
803
15
773
514
92
546
902
569
59
425
736
200
189
782
156
143
419
311
599
122
264
673
211
374
525
393
101
28
683
266
680
78
53
752
702
71
311
427
798
135
286
279
895
764
854
400
879
260
690
171
176
247
339
1000
224
729
664
684
771
981
799
874
839
261
205
593
12
710
216
57
702
488
70
607
56
939
929
769
383
381
82
923
432
320
462
447
55
41
473
962
661
554
22
227
197
570
897
688
467
42
41
657
17
648
173
93
640
208
242
635
471
534
622
801
715
345
636
224
203
857
924
785
423
321
774
376
317
344
419
510
159
993
129
758
620
234
713
493
577
505
214
164
812
634
684
481
565
158
458
313
338
806
589
347
973
101
323
574
12
971
841
442
92
470
913
460
635
810
484
459
305
745
40
415
394
78
822
905
235
731
763
205
134
555
144
581
219
458
840
263
453
704
197
759
903
700
552
79
449
749
739
938
43
36
28
264
852
197
121
243
351
717
43
489
563
869
177
146
710
300
649
425
589
323
380
864
579
737
479
756
203
455
306
639
667
310
615
500
439
516
793
981
567
590
487
8
159
31
67
752
641
127
827
432
112
863
267
658
907
512
788
806
277
811
749
534
741
923
605
246
623
295
226
841
902
907
322
622
892
254
651
17
911
199
753
886
618
64
724
849
277
637
298
753
434
342
336
427
382
327
17
154
495
984
528
699
704
753
488
375
678
806
366
130
302
112
87
457
430
659
620
976
852
68
630
89
671
595
879
153
928
710
751
204
884
270
983
601
657
298
614
840
442
697
286
823
105
422
386
748
152
900
62
101
453
440
195
547
719
534
142
197
801
764
43
641
34
19
947
797
237
851
727
940
452
406
720
308
653
789
269
459
590
166
176
666
570
623
430
154
960
213
880
699
516
957
962
980
748
227
952
428
977
721
512
471
976
319
624
236
636
465
469
699
154
518
573
676
161
420
186
746
987
393
931
767
885
749
880
857
639
59
657
762
880
566
948
45
505
32
106
100
284
62
413
471
585
623
304
751
556
899
123
24
183
809
337
885
24
256
688
485
894
47
956
299
885
272
904
971
836
742
50
120
959
496
410
963
454
334
511
734
633
984
614
951
342
