# 1000 montos aleatorios multiplos de 50 entre 50 y 200000
# Usar con el archivo coins_colombia.txt
196100
180250
170550
140200
28050
133000
115800
82350
3250
147100
59000
29900
150250
111300
60850
163100
126800
144600
53100
74800
8450
92650
21600
160150
150450
16700
33800
142700
140100
10300
21150
85350
92350
193450
138050
153150
3500
83950
71800
98750
196050
126000
56200
169850
136250
191100
196100
194400
122650
142800
10050
150550
57750
142400
31800
7250
198700
13150
117000
135600
176850
174900
162000
168000
23450
3350
188550
35950
7400
110350
94900
170950
93250
121500
164650
79500
24550
103200
19350
150400
92100
23250
197500
80850
132300
157600
182600
116500
136550
12250
63450
186000
93950
161850
135950
107800
9100
147700
197100
8150
129050
158350
34750
163450
55650
79350
143950
97150
98250
135050
186750
10250
100350
187900
80250
39500
131750
64200
85250
158450
40700
67800
17700
160650
137100
42700
95950
53900
32800
11550
191900
193100
78900
64900
168400
59550
36700
155150
58350
52250
58400
169800
182150
186900
197550
110800
55150
156500
194650
194100
92500
187700
19100
154250
146550
86800
121350
106900
15200
151450
178250
34300
57150
3150
1400
182550
197800
2000
177800
8250
165750
127700
56250
7050
700
123000
92050
2600
165700
65850
27900
81800
157650
79450
106550
15800
46150
68700
108600
180700
112250
21550
19200
162000
81700
101750
163450
76200
43300
70000
113300
26150
155400
114200
112500
195450
138500
194700
180800
26550
74500
170250
15150
171650
75150
172600
51900
131750
20400
198800
166650
164100
38500
178550
105550
59300
30850
156950
99350
102400
156350
115900
181850
169500
34800
173800
55050
166050
126500
20300
67650
175900
77450
52850
24600
177050
186650
54450
193650
135500
105800
47450
85150
9600
4600
144100
20500
159550
163850
133750
134450
73000
129150
71700
39600
161300
141100
53650
74250
66300
93950
74250
179500
133600
1450
35100
163350
79950
111000
180850
184100
57750
12400
123000
108150
196200
104500
161050
135600
164600
19700
193150
6950
73750
38150
16900
93600
22250
69150
155200
108550
32800
163750
110900
127550
96200
148050
17750
145400
199950
70600
47300
195750
56800
64850
84650
42450
133250
140650
131900
72000
147400
4600
29800
81650
125950
193400
34950
56900
78950
192950
123950
57300
183100
145200
61350
127050
132000
39650
30750
149850
22400
176200
125450
29200
91100
159800
83600
168650
121250
190400
58400
151500
5000
30350
112800
45950
179600
113550
99400
6800
13850
144050
56400
73350
32650
129900
67750
70000
119400
92200
29650
20300
150900
176800
124900
51300
154650
78900
181600
67300
104250
135850
17650
118800
26150
77950
90300
141550
161550
65250
62100
162700
64800
23600
15500
86900
81450
119800
148400
120100
170550
26300
58650
193250
52950
182300
101500
13650
96500
195350
10650
139650
189200
25550
184200
25800
178650
194300
36850
29450
169650
180850
190050
7000
163550
93300
80850
76150
164750
134550
11200
2550
137650
4850
44150
132850
8100
15650
55750
11650
177550
156550
84000
160550
66350
166750
118350
113100
197700
90500
170400
74950
49450
79400
91800
195750
152650
148500
35650
10250
144150
195250
104500
33600
188200
149950
153250
57900
128850
47250
144050
144700
118100
198250
184100
159550
55900
72200
51700
73400
83600
70450
186350
113500
162350
92750
147500
136150
183450
167950
34100
199900
104950
25150
158600
41350
190750
192250
143700
87450
183350
189500
200000
103350
82850
103750
30600
28800
172200
11300
164050
98450
166150
99550
18750
72400
96100
99100
177400
49000
53700
169000
26100
149950
199950
124300
198600
47250
189200
47750
192800
152450
36400
143000
137100
45350
70950
164550
154950
148050
13100
20450
30550
35900
141900
61150
3800
75000
175400
158250
62900
123400
112300
148050
176500
61400
98800
23350
125800
149150
160850
106800
170000
17250
194350
168400
123800
29000
159800
169450
64850
134850
195650
19700
14550
69450
133000
42500
67500
182700
112900
90950
57450
98950
88600
22950
182650
126800
125950
14650
188800
23600
71100
74250
20150
20200
30850
50700
142950
72350
131150
109800
131900
51400
39550
155750
162250
177850
52800
99150
1900
9900
46000
43400
133500
176100
127950
97700
131750
66350
52700
182350
133000
180250
61600
139700
183300
91000
165700
20250
89950
187600
71350
182700
16700
174000
42350
57850
196850
126350
15200
151850
118300
168450
37850
199850
46650
107800
130400
116100
131500
185250
144450
143550
119150
187100
68750
161700
1100
156800
88500
82100
114450
168950
139400
152450
1700
153400
108350
90150
89750
129950
118000
51250
4000
110750
41550
147050
102500
53500
56000
43300
16850
38150
176600
138100
180650
2700
153900
164250
41000
65150
116150
82300
173350
123950
48000
114250
118550
20450
131200
184950
134600
143950
144850
35150
167300
41850
88900
72550
150800
29450
188050
146350
54900
22250
900
27450
130150
125050
65900
184000
194100
81150
28500
173150
118550
130050
33550
111900
36900
110200
191950
185200
53900
186300
13650
24300
1000
175000
31450
39800
73350
53850
194050
47850
44900
42100
194250
21000
176650
58000
35600
72500
119500
16750
38100
122800
73350
126400
30600
181800
16800
61450
16300
29250
194350
115600
58450
58000
147050
164400
162700
64500
127250
110300
10300
73000
157500
16750
54200
66200
103550
171050
45100
155700
42150
199750
152050
73800
144300
156750
128700
27650
112350
140000
134650
71550
153600
68350
198550
37000
175300
77100
120300
30950
100500
157500
90750
26700
59600
34800
109300
54750
53950
167850
70750
21100
34450
155750
84300
15550
183700
58150
25800
6350
47300
92450
84400
196950
33200
133050
47150
14550
48850
48100
34000
124100
11300
159550
94750
83300
181400
59550
144500
18550
46200
165850
71000
193450
104050
49550
36900
173300
79750
56300
82550
157400
95800
164050
55800
47600
64350
77350
128700
42350
154500
155400
64700
171000
61150
114700
111550
72450
8550
130550
89000
168850
123600
191400
23800
127050
36200
145250
26950
51200
15850
174300
92950
43300
119350
20650
154700
1750
163350
172700
24900
27750
184300
105850
15800
191350
41650
175000
78000
138550
79800
186100
130300
10800
197100
188150
34400
80700
50150
188750
192300
158250
45850
190550
168550
850
116500
39500
175450
131450
147500
50450
197400
139850
142050
159150
139700
72650
174650
110750
79300
115450
22050
23200
14750
191900
28700
138350
18450
100250
25650
148500
161850
182250
111450
120200
135800
70800
136550
138050
34450
22950
43700
14350
24800
45650
136050
159300
149200
200
82850
68550
175150
194200
58650
126050
19300
154550
52050
182250
167350
100200
168350
84250
118750
119750
40600
70350
130300
157450
66050
9750
173750
153950
105150
117850
193050
174750
60600
142400
90250
180750
192250
