8486
28191
81256
14246
64616
42157
19197
4164
69677
39484
81382
16370
68132
13444
11490
14806
22177
76038
81870
86521
68698
29891
43995
13036
16459
29719
39225
58964
43449
95318
93746
71705
49172
68289
89491
20518
91509
97828
20389
73150
57127
23567
45178
53660
71586
96847
49347
57508
33042
5992
1182
28492
18806
52562
2701
16801
20100
56974
51170
42391
95851
58179
26486
96336
2608
73240
45593
40808
44346
89424
85507
90235
76457
47614
72681
70196
63264
53251
37484
85330
86531
53131
92427
31993
51772
14432
91288
98003
71224
87529
22120
32545
32174
2180
50212
59650
39200
2075
27069
61566
66522
20805
79548
90127
12375
90396
25591
15213
88642
49558
20864
36981
33722
32514
93944
37333
23919
45537
1856
72374
35817
3775
36944
93414
84041
91340
19168
79010
43079
11836
1347
83517
46649
33911
42836
34223
86549
43133
69737
69980
93581
10170
77508
41727
48570
194
49513
34291
90676
48457
31625
90847
12573
45089
82716
46652
70173
39857
29838
75588
82472
751
49168
76920
61916
49914
85519
32141
71815
52950
70562
50101
33253
93412
38812
5574
80198
99453
66882
37705
68078
54316
32279
45856
4919
14085
13426
44789
70449
57414
44657
59420
85033
73192
24519
9476
15207
64513
78161
20767
46801
34586
15334
12459
42989
83016
3052
35996
52132
7306
63623
92136
26242
36541
28205
85935
26394
38367
45013
14341
41575
47774
69134
36510
74413
22972
25644
68565
82013
92034
82141
46392
32791
59486
47289
79059
23562
85562
60632
94231
75447
64570
33341
25447
98132
42450
58032
89855
55404
13282
82314
77922
74723
67887
56905
67230
48279
40318
37188
56126
2051
61776
72376
71660
20061
96789
37184
12672
50015
95822
81699
86122
57923
20675
99207
9432
49223
33534
52356
85540
68592
69378
72564
91518
11146
56619
66310
65009
1229
2595
85297
28820
97020
30462
87270
51023
45639
48051
23390
82344
18833
49816
28082
11337
94412
12985
53258
24080
68127
29108
85709
10291
47497
17076
96471
62669
83392
74951
12201
77130
89138
72350
60089
59883
49421
30594
36394
83830
25946
66573
3863
58685
47587
45772
96777
53033
69557
79087
35848
77954
81633
5833
62830
97534
90877
34283
311
20293
81800
32152
54805
89469
85578
13700
54848
29910
93049
67598
82570
17683
24504
37751
60176
915
45626
52797
53164
95068
10916
1721
80743
79364
74353
98705
97421
74075
53135
16763
96409
94328
28358
74352
80047
33470
16153
81448
3400
22986
93477
3831
36392
27548
23590
44035
88139
40992
8313
71105
64958
39416
32412
53964
69547
67431
82
98177
6956
67517
55715
18617
8416
97978
43135
73572
2459
62337
1251
93950
85175
68091
78580
73137
72329
79716
30953
23623
25903
57590
43941
14538
73061
56783
99265
44347
822
24770
95880
92139
1872
53112
22716
55512
66736
38016
85367
64679
59548
98650
40236
47899
95728
34908
87979
33200
73616
75295
26947
13751
84861
9
27969
40878
46787
72023
99607
27642
33966
84647
91641
22276
23516
96
73120
99917
14158
44030
19825
82799
61464
34846
58776
33202
15768
60450
9005
83048
82371
72897
59321
73254
49115
65454
37106
59167
45181
26147
19330
50174
51542
85163
85894
21759
25526
20969
55474
71787
30812
74792
25138
28527
15761
19583
28427
4248
49425
62784
47935
32813
47684
25438
29360
69608
45036
11769
45308
48338
42582
27848
7270
42554
8946
36161
757
47186
71264
2023
55542
19367
51104
27217
60093
88315
40172
17107
47465
20448
24546
65452
51269
73234
26104
99915
11210
63474
73716
7198
85154
1915
78516
32568
76327
16131
86183
49502
5002
59152
23743
73295
42640
99220
99966
55150
4599
80774
36013
32365
14102
8574
47756
31000
49698
13773
80099
40218
60685
10551
86487
79120
32776
73326
73721
90953
98697
70380
65336
80182
63432
13420
55382
92468
45540
58950
37432
76274
27811
72614
29463
11009
60950
10727
68724
3320
50234
2225
96201
98465
40891
4331
19546
19940
96531
39743
17674
94029
98673
73194
69897
83644
72628
4508
11883
33610
45046
21042
8084
36019
10790
91565
42672
5156
43501
88686
52031
38977
83730
51313
19373
25715
86394
25475
38944
24653
9095
3010
5898
85882
57793
68464
33567
14757
8530
97842
14176
6213
14378
87627
96918
28770
65507
37872
16378
95784
30111
12008
41872
2055
51502
73826
88820
80260
37036
81139
62925
32736
41543
12874
50655
74947
70398
71026
49149
61221
5668
83524
50970
80953
94468
26245
88192
41494
92031
78307
25882
17379
58577
55336
14252
29758
94641
61209
71778
13545
57463
47150
92742
72785
4504
3405
39531
78205
75052
9029
24903
69583
68369
69604
38301
62106
80584
29365
85432
20065
11933
40634
85012
19079
26917
42978
7541
10585
76896
88936
18875
22708
9949
71208
39054
74996
53053
6429
18355
63994
20015
17180
75713
18265
46299
27783
22509
81149
47642
54895
14273
27192
10946
35881
10731
95370
19936
88235
75121
16909
59422
26980
82883
48059
65764
60693
87625
2748
47866
61808
5659
96911
71884
61067
38064
54260
7398
64161
64685
6196
83071
20326
53759
88462
72306
17540
71972
73407
35398
29046
14500
1069
54512
33665
22557
51632
98767
45962
64379
39454
99989
51896
13223
92017
76517
67079
99702
42263
9751
42406
37731
5333
11193
48942
17783
97272
84752
52223
84643
15163
80572
42040
34864
62222
20249
48947
8238
93513
21313
99323
19625
88845
24687
2026
16410
95027
43007
59492
40538
75571
70834
46442
21233
91187
74221
16827
64972
5994
94048
27245
41804
29040
15556
85604
86651
25764
36030
56621
10650
89241
49568
76666
29878
67006
78927
3291
30585
84393
32767
6932
51741
1311
35706
13792
21531
53986
21119
70178
24130
45208
94567
82244
39075
96308
85220
39599
27656
77155
2658
64197
54981
95797
47599
12894
69799
9733
38743
35933
19080
81127
20711
61550
51621
74733
40691
10334
11623
59511
53076
76119
50013
43637
13449
50679
67915
37817
99806
88556
220
26558
19530
47918
80178
29615
48050
45656
32542
16917
29419
31396
41835
69825
77917
52835
45109
25938
45186
37334
28951
17284
93198
76525
92770
61686
85769
37945
4137
48373
51320
19759
48729
42346
41113
86523
59750
31420
67949
70878
5761
32388
28272
18630
70182
3532
93667
26985
96369
72034
75307
67326
71024
64607
65650
59000
15956
7438
5932
93023
49825
4091
96820
15757
79013
66362
57684
7330
95077
79441
