731917
603759
968269
247121
615238
860785
781470
165753
5395
652329
395109
370384
472283
878326
669033
861454
5115
607490
258470
891053
962953
787675
593309
406680
286198
520370
652357
908785
939277
867694
860255
51263
48344
364078
617063
155955
620065
135962
399910
507093
519254
962916
25829
749328
632390
415969
327484
216470
551944
156414
617544
551921
322234
688800
754554
901288
41895
538588
77068
792010
244738
520336
439183
628826
740431
669532
889377
989846
814881
268992
783290
989798
56318
394196
448293
901406
55070
702110
27275
649328
753106
639763
41066
735729
282178
815213
799589
296710
195983
667429
687862
620587
328215
849422
999935
384479
149270
292110
75325
799728
107305
306105
284381
198942
988143
720715
856809
626287
27016
662018
819163
410767
913279
678422
931922
879841
527684
995094
771554
275942
840786
463393
412614
967752
129263
331389
197297
603780
95506
23767
769730
374259
51870
995351
101525
820531
922381
570143
893941
682486
622824
385505
342576
881191
369778
524058
332676
102068
558117
961711
226677
719420
591956
816674
95296
991383
730671
204017
875561
768636
410981
247947
942257
890067
421476
494192
100132
887832
940668
893092
513486
218984
50017
325967
782669
626988
671183
131636
464770
374495
174664
169996
115617
502909
269369
43326
398568
637898
62586
412158
237741
257275
454516
370239
603152
949957
529758
54102
476751
471617
478112
469357
710967
124921
311256
431712
203512
143442
29242
543735
407186
988885
654930
271745
731116
159259
352165
950153
346691
282325
958261
520184
261823
176566
131620
300935
708257
521981
209712
849182
203737
876258
822045
577934
92405
6492
376496
755176
515571
797133
145623
615928
630583
244812
840230
729633
19736
47756
596924
385238
708436
415533
263620
875122
785764
722591
800215
633205
594219
233775
445119
716380
898248
443248
317783
670748
212490
343559
476110
543482
433795
487634
279242
955850
736309
43829
910120
89858
25321
707459
44450
244857
438559
734918
912906
572994
643296
706284
680307
520351
489455
763982
174575
974308
471838
311517
611890
890026
751036
175339
34773
741484
520940
443284
270199
334145
854673
157319
4222
393590
598437
750836
673339
31431
312105
765908
992747
388410
533879
927440
116954
281369
333299
360015
330083
768138
622624
523551
184210
942220
458830
351359
144554
427088
123377
252614
738882
178290
509710
818612
145738
214354
753870
72212
442155
384212
297141
403274
223244
860208
623340
975423
478002
993014
474682
551013
884735
911330
689809
480745
270235
266519
941765
24053
744176
855292
6616
611615
274383
54640
979696
668657
946864
899627
843178
949333
978390
30194
603975
499613
623697
856694
35268
132973
257949
71818
711688
568902
265768
704383
932535
999279
784817
239775
345188
575809
821132
238274
432355
692176
798082
880527
607803
862449
583189
856595
826234
41517
623329
838583
374691
824577
301021
427745
851075
386574
881985
195434
825122
317475
809410
930295
942164
780645
407289
512502
582191
754969
221857
715959
706327
259086
334783
379300
190260
561706
648092
623903
357829
731855
640046
328183
598222
587625
135381
456646
419053
892758
781569
697577
256715
114995
417584
663517
93357
482688
413205
963058
240106
344367
164628
62639
396599
473614
155242
977987
798302
170061
145322
471203
104078
333294
842722
533060
214795
462346
621212
213239
655750
681786
490304
884060
961223
50216
387223
255620
743046
656242
438570
782887
481882
522487
197001
100414
506313
896578
548263
849791
193982
921809
492387
202931
95896
318657
774625
131829
831454
912663
925591
190473
623633
300909
691236
240662
337754
13815
441434
330689
821027
929457
88796
114536
429442
175399
986787
750584
55247
628960
225819
915564
548950
115048
564010
555298
90280
734649
856464
255323
306828
216837
134697
227791
166483
15139
186320
176555
753225
343251
384222
146729
168455
377839
61904
402505
803558
483057
459462
922673
524622
750107
743272
990110
404268
796487
811811
346566
321474
607115
148817
74252
234392
309704
946551
630495
853776
209232
915431
528752
275863
208433
408006
712078
849720
207394
436584
296863
882186
940041
252759
41405
383690
279015
454515
371114
933187
90657
424051
155122
809001
693804
470473
130652
942150
642835
773860
961484
302924
216360
250383
667512
935432
610821
122807
267845
244920
688894
638026
655229
264371
650661
681210
666031
61318
596728
711136
671012
863200
497131
947134
201785
55587
228366
261661
318494
358106
575516
391253
214505
523082
798943
887531
879128
226209
57922
819988
296418
886795
856181
986840
195640
985316
476727
821650
623709
195592
260995
432980
895263
184709
701337
110695
890737
752882
299303
672367
287974
326745
620116
541677
888716
538703
121578
629855
316963
103973
367582
646978
124920
339895
873852
442104
280483
306209
623219
690436
6297
935954
249339
890033
927087
649784
484190
16338
972908
909787
350954
395557
917193
954822
316402
570833
281223
34655
925179
702223
229869
127640
213066
827237
505693
758782
848840
378444
285906
567791
978511
90675
648505
399465
241555
986524
258600
926717
661680
46309
335295
537634
999307
921697
76698
662885
378472
922661
713648
732030
127816
308959
275211
389246
732541
176735
693604
324965
664204
720762
553242
555153
278012
518467
567567
565136
167105
207290
30303
610070
992448
168513
510846
692554
610111
341961
690349
978683
85099
760972
42073
399984
528644
437171
109264
777884
428393
600279
114848
108144
224124
884068
540366
893579
284017
157402
916976
642509
988152
549997
382376
853833
246149
863373
716157
74712
904376
540032
958231
970890
877294
550250
2903
81912
200163
353327
513169
679157
483778
498799
467175
126307
466380
750832
522371
184545
141792
481114
803632
139938
551276
54235
597974
925465
108977
126890
191504
501072
940652
645161
392236
392024
584806
435556
423870
310491
238298
182071
443425
524941
630654
607435
477003
411905
8048
871680
943116
943832
170110
74919
135395
759956
740242
963622
525629
801291
929848
932031
519627
484086
313998
743018
13694
978025
121479
941342
721890
700573
266203
956271
421716
131497
271503
228241
473506
244176
624092
703610
832445
279795
926143
418342
430173
477991
311900
419380
891762
650081
140240
766318
214146
102158
960658
749670
298275
940671
64260
789499
782423
981890
910364
487675
914687
633164
538089
893666
717694
871186
39045
587905
390635
602678
770198
821306
491890
611678
320576
688807
794184
619617
547371
758555
417544
8731
630380
255936
544559
714784
315538
487263
125680
893261
899600
323263
700213
8186
865538
941028
32116
496139
871709
314617
220265
845158
606712
33800
178805
877311
421809
56037
634771
602638
431869
816363
254323
249506
964432
371358
113781
218384
681829
230576
487043
483907
652715
136671
478347
200119
888972
34107
185560
622593
827546
844997
496396
746630
608728
845683
6012
469580
150115
731345
167720
567405
289852
287425
744661
185575
208562
636643
838537
47505
888624
832015
586211
890729
489057
427327
148628
478536
273723
112074
512958
762038
273007
