# 1000 montos aleatorios entre 1 y 100000
# Generado con: java AmountsGenerator 1000 1 100000 > data/amounts.txt
12307
65033
37356
35908
80190
6921
13363
63624
64809
44400
29753
4269
65945
46067
36202
40030
69435
63376
81895
29787
13165
79039
9265
77536
83646
60269
93643
59380
89713
6119
15163
86376
47218
87463
22617
30719
39453
4019
50315
11917
23571
19253
74045
54224
42018
4180
47272
97536
97170
35387
14602
45245
98969
86079
75510
51237
33247
34333
70408
44933
91031
59170
14919
83616
94249
66132
57011
8556
31653
3144
29521
91438
17447
10639
69204
15898
36902
84297
30303
37037
95942
60390
14282
21758
43245
24203
28437
30754
78477
99641
20446
95878
73132
20557
55997
62019
9975
45479
87395
20162
51605
39713
55821
14381
64106
82368
36319
15967
58643
24740
3242
34081
9925
34700
9532
75140
67675
73229
10844
13034
29270
38184
23298
32663
66272
25454
75647
20731
80392
9131
91561
23121
50851
30841
35207
33569
50038
73121
9655
53630
3093
39183
65428
18603
51442
91996
57318
22007
74844
72275
52687
21622
92668
96567
75443
44251
78003
17653
13207
44540
32134
49292
21206
86656
58434
82078
11809
96837
77773
14680
78018
41249
43753
39161
16723
55783
99162
51965
82429
32786
88341
20412
91041
87334
80317
63943
18685
79416
50072
56722
80217
55877
67618
21594
39837
20596
88048
29732
97901
19318
39775
3223
97146
13527
78090
90004
33457
19667
67717
36669
6471
92094
98938
37483
36578
1233
71122
94190
66402
72966
77288
59030
53997
85694
36665
14370
61954
54848
87076
83323
15847
20062
46140
48659
99214
97403
19076
28362
21396
85691
63975
95793
52564
18732
81462
69201
29128
95379
53297
22289
41586
7807
2237
70289
12422
80538
90449
64157
86601
59927
46826
4773
15152
10081
20435
2412
14171
67926
78404
83443
46826
79001
60658
66660
46264
41077
34509
34476
17160
33865
90759
25664
79003
17660
16640
99217
67216
44200
96693
12123
33357
93915
41850
69559
95814
32971
37782
48334
87135
55827
3241
86540
37135
60553
28186
52705
5185
66199
5891
55937
31882
95260
62072
82437
78540
34298
27871
6754
16557
66735
93345
67912
87901
22406
73268
15761
81427
61667
51012
61316
26486
93774
23408
60473
68182
78984
30608
70057
88548
36974
91083
44059
57444
89627
79981
99567
97362
86005
17889
56417
16990
58468
90155
34220
83407
10962
10474
15543
13202
59111
4633
6012
43622
48354
3953
69917
63191
21175
91887
22322
74210
53404
3642
67194
60779
44223
34409
57489
64301
11603
5639
68528
73392
17128
97871
7716
9135
91527
30907
60491
33376
23095
77078
99593
23048
96666
34925
40924
262
16082
53114
96456
39008
59356
38555
98406
12417
27702
60330
9927
37969
70498
67001
94637
53707
34389
4331
65079
52074
50858
61490
19130
10655
15087
88751
83744
88992
91649
18571
54388
43891
91029
70206
72954
46380
73203
97584
92924
56758
79307
8704
37646
66855
47805
61225
93480
18212
30098
89107
57083
82263
25054
71228
81000
374
80215
21441
8615
19803
34715
66539
58596
5189
75207
17275
38582
36169
97475
37162
14976
85802
32592
83680
63953
82051
1628
12682
89898
54064
52341
75856
83455
73310
76398
49851
79116
68533
55668
66418
24235
60658
58282
62946
79691
51172
49472
50061
71325
15845
95376
3280
75826
32764
77758
38330
80522
44726
99116
75645
51788
27695
27499
56101
37858
91054
13659
77960
30725
39802
56241
11625
39265
18900
81362
51504
12826
32506
69871
8515
72604
35801
32855
59290
62275
74068
37147
94775
19398
44847
69542
89109
57122
46402
72445
4040
2725
12338
25429
55311
95205
1549
88453
21958
63767
75124
69513
25333
3260
39681
60400
96177
64659
2069
66845
12175
31281
75256
54705
43527
50524
43339
77559
66172
77885
10807
30308
54408
4216
65042
9873
69918
61026
99973
99448
32191
77202
75232
56816
46195
39245
83863
11545
67874
3679
6610
99084
48148
14206
5877
2906
66078
71827
4861
84903
95914
28928
99132
7977
75698
780
26113
71513
86448
88318
89450
23093
29357
44575
91981
74889
41854
53128
39075
80179
38858
99770
82631
48545
79472
69908
2707
74432
54078
71806
56327
70284
53201
20603
9940
56320
23172
20468
22455
73679
39780
47137
72675
87239
91038
81556
44366
83840
90627
20113
47406
68865
16944
70995
94795
57185
20105
51043
34019
5580
86264
12023
51231
82940
41235
41008
53945
95108
82772
60178
47718
12923
41705
26537
23241
87533
51092
45095
91396
49654
59168
43201
68207
89317
48458
83043
85289
90984
90101
97848
71225
95115
53960
77094
75242
35617
95079
78209
80329
18094
67933
78637
18578
41405
28356
89661
40190
45630
71309
33081
78190
47581
42199
83345
93215
83028
80133
97135
74006
12807
98354
74227
36561
9261
37625
11578
1139
46814
53684
72861
70367
51101
20035
11731
12915
2587
1810
39107
10044
46640
20558
86141
88298
90639
81581
4714
56796
2995
49578
60539
35457
15417
50030
97138
73123
68848
26143
88809
17526
98118
81525
75180
85342
11049
90112
47829
6520
9980
23186
44295
45416
75633
80661
77797
15869
93753
59151
9555
90936
34126
5098
4188
66330
5844
83626
16949
28571
82696
34498
50207
95841
89358
4542
95148
88092
36886
62979
30341
34051
50856
26782
90733
50595
16353
84599
99509
67029
95394
84085
72011
42802
6558
11946
92314
66996
96166
58545
87660
80492
155
25905
95497
52688
36040
32373
45846
77115
70754
73510
89676
95545
91
71386
50258
66097
30937
33756
73312
2978
27989
73317
61660
53353
82825
25203
97870
81284
31335
4479
90062
96897
14695
96453
54093
59631
13404
37806
36924
94499
56662
57685
54677
49654
12508
30039
30537
79310
86841
68458
85513
44309
47348
42018
85571
1721
44190
12402
27849
62623
7353
52365
29710
68703
68237
85392
70119
35515
20196
37083
3181
60890
9589
93243
64390
8497
46469
74819
77551
99632
6782
36200
77905
750
71861
10232
57705
60134
71654
82367
41849
26007
10561
49948
91873
72856
44128
14156
89918
71028
18917
97277
82538
41123
543
39565
96276
19241
49798
71730
28047
29918
25739
96526
26609
71291
93332
13469
17417
52753
9660
63575
72745
74713
41937
96105
56574
42307
14204
73539
29666
73278
40211
94611
85367
97071
22264
96449
43211
72930
9279
44020
54694
15129
11835
48362
38206
11580
14598
52538
98708
62208
25024
69256
66747
24607
80165
93440
78615
73641
58962
91400
40014
51221
51526
93941
97734
64741
19477
10974
26908
26993
74280
17326
43102
54977
90758
