8806
4453
7819
7945
985
8532
3111
9018
90
1350
4654
6997
7138
4592
6017
7390
5895
2517
3903
8863
5331
256
3301
9602
2051
8637
8224
2269
8779
997
9507
5864
2663
9029
6388
8763
2492
1402
7200
1848
9708
6074
5871
642
3512
8066
5970
9945
4625
8632
9145
9027
2951
8348
6705
1561
9746
4176
2794
1883
2671
7393
9671
9793
8802
8592
5311
927
4602
9874
5712
3875
962
5232
8099
2447
4931
7724
1338
4205
9479
241
2198
3844
3480
5509
4390
8358
4455
2206
1657
595
5497
1917
3573
958
1595
8892
6976
1945
5591
8816
3963
3167
5215
7723
590
9822
8901
9617
7870
5872
6205
1604
3627
1172
2474
3038
8615
7902
389
9930
7297
8791
9197
9968
3567
7282
3080
3995
6138
5693
1079
5881
7875
6624
327
2894
6052
7717
4116
5173
7393
3156
2952
6485
2940
7625
529
2699
9672
9684
2897
1642
4870
2557
8927
220
1291
9218
1963
9219
1027
1823
7102
4096
5726
5897
8303
6063
1240
9335
962
445
5383
4349
4252
6247
493
4070
5729
657
3741
3757
5918
3712
7675
7304
7907
6693
4476
6370
6280
6262
5021
2756
4560
3610
8383
3999
5435
5664
8303
4424
7109
6381
9780
7952
1452
6736
7234
6799
2847
6068
3547
7789
5937
7409
7941
1645
13
7215
6743
294
3284
3577
8157
1838
4977
7114
555
5493
8910
3478
8573
2492
2560
9239
3565
4481
6572
9283
6942
8200
5581
6150
2133
5783
9406
2178
2728
750
4641
6591
9358
8001
7442
832
9206
8275
4806
9956
5940
81
1581
133
630
1704
7894
7313
1157
1780
8146
2259
5494
4038
9456
1326
2960
4752
6536
7685
9608
6304
2835
9817
5032
8120
1207
7535
6638
2278
9409
7581
1632
2469
235
4626
1758
8110
9277
5215
8704
4716
1423
3238
8974
1995
6684
3997
7710
5068
6931
6463
5704
3240
2039
815
5558
4238
3895
6826
5687
2395
9111
3064
882
9413
2157
9934
4616
4340
2056
2580
7250
9325
441
2510
4218
1421
5334
2121
8661
8638
6996
6948
157
5769
9538
408
9613
648
7797
5189
9718
9542
6685
5626
8895
1030
1542
2784
1769
5789
3018
2100
8848
6749
1876
6272
5501
3391
1536
8181
4984
4411
9054
6295
2651
8311
4390
2501
3586
2698
4293
1795
5807
2140
7973
2886
3210
2108
9611
9371
5557
3565
6649
2100
141
1614
5220
7648
956
5621
4800
118
3740
9943
7783
8190
4422
3142
7112
1276
9720
1431
844
8490
4741
1727
7476
7744
1703
2282
5519
7123
5696
2232
984
2903
1597
2101
4747
1842
1483
403
2968
5087
3860
1109
2128
4892
7218
6458
6220
8481
948
4469
9742
3740
654
2389
719
1709
9770
9734
7319
2427
3165
6067
6523
5042
8805
2565
4160
6426
4798
221
5693
5989
8468
3418
7935
5220
146
5752
6855
8070
3161
8597
9630
1951
2236
1473
2520
5553
9592
5633
7366
8041
8305
2944
4741
312
2936
5139
4901
5756
3865
8967
8372
827
64
4170
6184
8540
1771
8306
9099
6370
9451
2126
3248
9445
5604
4247
7461
8302
4116
9410
4129
4575
5888
261
7900
5613
2458
2947
3502
6876
9519
22
5535
6725
7004
3512
2878
4806
5505
7358
5678
1462
4622
6370
5242
3795
4970
7019
1784
2618
4882
6523
3035
7203
2766
3077
5619
6934
2255
7832
5184
5901
7477
6285
1188
2184
1773
3513
1718
8727
9432
8559
6514
7160
5318
3125
5373
8317
369
8785
9255
1209
8215
7057
7241
1847
7903
2532
5582
7878
5628
1463
4846
1429
2239
6128
1174
9399
9606
9905
4899
8099
6595
6681
3740
4316
4888
4925
5328
4247
5214
9582
2916
9630
2549
8711
6623
9296
3094
950
6417
9282
4772
948
669
2887
7265
6835
9784
7655
9980
9955
3866
1791
4311
9104
8849
7780
8455
5052
4564
8085
6182
9941
2821
4717
4130
6018
336
8930
2552
3567
7408
9725
491
530
7681
4022
1102
3834
4880
7595
4674
4772
6430
1900
2184
3193
5827
6935
6376
1975
8944
5803
3866
7177
8589
5755
1954
5718
305
2001
3049
6132
5919
7132
3910
3334
6765
4295
4251
7545
9824
7511
1532
6103
6548
5569
1722
6678
7384
9158
7902
6369
9222
1277
7665
2784
6175
9387
3911
1190
3685
4657
2109
8183
7874
5857
248
5540
5526
9742
9404
6837
414
1456
7374
8257
1407
6369
9377
5709
8915
2407
3228
6207
2314
4286
2237
173
2177
7393
7591
9399
7200
9573
6759
6670
3373
2035
7301
5887
3519
2687
2293
5632
381
1129
7676
998
3876
2640
2000
2257
151
6958
3865
8901
1617
2740
6436
949
582
786
4038
6765
2343
4627
8444
7132
3477
7235
5985
1516
8524
9166
1450
6944
945
535
7163
4858
375
6353
8428
6358
5370
7326
6918
4342
7262
5409
7464
2346
5170
3250
2646
5915
8670
1934
3088
7109
7532
2151
4641
8063
9075
2495
1278
4648
5421
3469
8926
8240
5179
4330
4425
4192
1407
523
5001
2167
6374
8891
6557
2258
1656
7251
2541
4886
792
1225
967
6045
855
9539
6344
9739
6005
1718
2150
1868
8695
5664
9994
7069
20
7277
5643
6403
9641
6250
7221
2747
7853
9540
8953
9199
6430
3964
7918
2610
6170
5481
1733
3897
8362
2586
4570
7317
2281
7143
294
5089
8098
578
833
2452
6471
240
2869
7668
6606
9086
1327
9576
1622
6113
7262
2439
9495
1390
1629
1570
2951
5363
61
7179
4905
7136
1739
689
5360
9941
3762
5001
1986
5386
2249
1834
2808
53
9069
5685
8689
6955
9641
3616
4293
5494
81
6253
1431
5359
847
5675
4964
2249
7524
4409
1561
8394
5296
1090
2433
8710
9005
4026
8651
3305
1622
1939
2714
1377
5061
6828
1814
9830
1561
9991
1999
5479
230
1638
5250
6019
2983
833
4053
1024
8606
1126
4156
2427
3964
8845
2782
1980
3661
7735
7649
7893
7482
6835
6577
7032
7810
268
2384
4834
7266
3810
8696
9832
3761
7428
636
9900
8969
9799
