Monto	NumeroMonedas	Monedas
196100	7	[100000, 50000, 20000, 20000, 5000, 1000, 100]
180250	6	[100000, 50000, 20000, 10000, 200, 50]
170550	5	[100000, 50000, 20000, 500, 50]
140200	4	[100000, 20000, 20000, 200]
28050	5	[20000, 5000, 2000, 1000, 50]
133000	5	[100000, 20000, 10000, 2000, 1000]
115800	6	[100000, 10000, 5000, 500, 200, 100]
82350	7	[50000, 20000, 10000, 2000, 200, 100, 50]
3250	4	[2000, 1000, 200, 50]
147100	6	[100000, 20000, 20000, 5000, 2000, 100]
59000	4	[50000, 5000, 2000, 2000]
29900	7	[20000, 5000, 2000, 2000, 500, 200, 200]
150250	4	[100000, 50000, 200, 50]
111300	5	[100000, 10000, 1000, 200, 100]
60850	6	[50000, 10000, 500, 200, 100, 50]
163100	6	[100000, 50000, 10000, 2000, 1000, 100]
126800	7	[100000, 20000, 5000, 1000, 500, 200, 100]
144600	7	[100000, 20000, 20000, 2000, 2000, 500, 100]
53100	4	[50000, 2000, 1000, 100]
74800	7	[50000, 20000, 2000, 2000, 500, 200, 100]
8450	6	[5000, 2000, 1000, 200, 200, 50]
92650	7	[50000, 20000, 20000, 2000, 500, 100, 50]
21600	4	[20000, 1000, 500, 100]
160150	5	[100000, 50000, 10000, 100, 50]
150450	5	[100000, 50000, 200, 200, 50]
16700	5	[10000, 5000, 1000, 500, 200]
33800	7	[20000, 10000, 2000, 1000, 500, 200, 100]
142700	6	[100000, 20000, 20000, 2000, 500, 200]
140100	4	[100000, 20000, 20000, 100]
10300	3	[10000, 200, 100]
21150	4	[20000, 1000, 100, 50]
85350	7	[50000, 20000, 10000, 5000, 200, 100, 50]
92350	7	[50000, 20000, 20000, 2000, 200, 100, 50]
193450	9	[100000, 50000, 20000, 20000, 2000, 1000, 200, 200, 50]
138050	7	[100000, 20000, 10000, 5000, 2000, 1000, 50]
153150	6	[100000, 50000, 2000, 1000, 100, 50]
3500	3	[2000, 1000, 500]
83950	9	[50000, 20000, 10000, 2000, 1000, 500, 200, 200, 50]
71800	6	[50000, 20000, 1000, 500, 200, 100]
98750	9	[50000, 20000, 20000, 5000, 2000, 1000, 500, 200, 50]
196050	7	[100000, 50000, 20000, 20000, 5000, 1000, 50]
126000	4	[100000, 20000, 5000, 1000]
56200	4	[50000, 5000, 1000, 200]
169850	10	[100000, 50000, 10000, 5000, 2000, 2000, 500, 200, 100, 50]
136250	7	[100000, 20000, 10000, 5000, 1000, 200, 50]
191100	6	[100000, 50000, 20000, 20000, 1000, 100]
196100	7	[100000, 50000, 20000, 20000, 5000, 1000, 100]
194400	8	[100000, 50000, 20000, 20000, 2000, 2000, 200, 200]
122650	6	[100000, 20000, 2000, 500, 100, 50]
142800	7	[100000, 20000, 20000, 2000, 500, 200, 100]
10050	2	[10000, 50]
150550	4	[100000, 50000, 500, 50]
57750	6	[50000, 5000, 2000, 500, 200, 50]
142400	6	[100000, 20000, 20000, 2000, 200, 200]
31800	6	[20000, 10000, 1000, 500, 200, 100]
7250	4	[5000, 2000, 200, 50]
198700	9	[100000, 50000, 20000, 20000, 5000, 2000, 1000, 500, 200]
13150	5	[10000, 2000, 1000, 100, 50]
117000	4	[100000, 10000, 5000, 2000]
135600	6	[100000, 20000, 10000, 5000, 500, 100]
176850	9	[100000, 50000, 20000, 5000, 1000, 500, 200, 100, 50]
174900	8	[100000, 50000, 20000, 2000, 2000, 500, 200, 200]
162000	4	[100000, 50000, 10000, 2000]
168000	6	[100000, 50000, 10000, 5000, 2000, 1000]
23450	6	[20000, 2000, 1000, 200, 200, 50]
3350	5	[2000, 1000, 200, 100, 50]
188550	9	[100000, 50000, 20000, 10000, 5000, 2000, 1000, 500, 50]
35950	7	[20000, 10000, 5000, 500, 200, 200, 50]
7400	4	[5000, 2000, 200, 200]
110350	5	[100000, 10000, 200, 100, 50]
94900	8	[50000, 20000, 20000, 2000, 2000, 500, 200, 200]
170950	7	[100000, 50000, 20000, 500, 200, 200, 50]
93250	7	[50000, 20000, 20000, 2000, 1000, 200, 50]
121500	4	[100000, 20000, 1000, 500]
164650	8	[100000, 50000, 10000, 2000, 2000, 500, 100, 50]
79500	6	[50000, 20000, 5000, 2000, 2000, 500]
24550	5	[20000, 2000, 2000, 500, 50]
103200	4	[100000, 2000, 1000, 200]
19350	7	[10000, 5000, 2000, 2000, 200, 100, 50]
150400	4	[100000, 50000, 200, 200]
92100	5	[50000, 20000, 20000, 2000, 100]
23250	5	[20000, 2000, 1000, 200, 50]
197500	7	[100000, 50000, 20000, 20000, 5000, 2000, 500]
80850	7	[50000, 20000, 10000, 500, 200, 100, 50]
132300	6	[100000, 20000, 10000, 2000, 200, 100]
157600	6	[100000, 50000, 5000, 2000, 500, 100]
182600	7	[100000, 50000, 20000, 10000, 2000, 500, 100]
116500	5	[100000, 10000, 5000, 1000, 500]
136550	7	[100000, 20000, 10000, 5000, 1000, 500, 50]
12250	4	[10000, 2000, 200, 50]
63450	7	[50000, 10000, 2000, 1000, 200, 200, 50]
186000	6	[100000, 50000, 20000, 10000, 5000, 1000]
93950	9	[50000, 20000, 20000, 2000, 1000, 500, 200, 200, 50]
161850	8	[100000, 50000, 10000, 1000, 500, 200, 100, 50]
135950	8	[100000, 20000, 10000, 5000, 500, 200, 200, 50]
107800	6	[100000, 5000, 2000, 500, 200, 100]
9100	4	[5000, 2000, 2000, 100]
147700	7	[100000, 20000, 20000, 5000, 2000, 500, 200]
197100	7	[100000, 50000, 20000, 20000, 5000, 2000, 100]
8150	5	[5000, 2000, 1000, 100, 50]
129050	6	[100000, 20000, 5000, 2000, 2000, 50]
158350	8	[100000, 50000, 5000, 2000, 1000, 200, 100, 50]
34750	7	[20000, 10000, 2000, 2000, 500, 200, 50]
163450	8	[100000, 50000, 10000, 2000, 1000, 200, 200, 50]
55650	5	[50000, 5000, 500, 100, 50]
79350	8	[50000, 20000, 5000, 2000, 2000, 200, 100, 50]
143950	9	[100000, 20000, 20000, 2000, 1000, 500, 200, 200, 50]
97150	7	[50000, 20000, 20000, 5000, 2000, 100, 50]
98250	8	[50000, 20000, 20000, 5000, 2000, 1000, 200, 50]
135050	5	[100000, 20000, 10000, 5000, 50]
186750	9	[100000, 50000, 20000, 10000, 5000, 1000, 500, 200, 50]
10250	3	[10000, 200, 50]
100350	4	[100000, 200, 100, 50]
187900	9	[100000, 50000, 20000, 10000, 5000, 2000, 500, 200, 200]
80250	5	[50000, 20000, 10000, 200, 50]
39500	6	[20000, 10000, 5000, 2000, 2000, 500]
131750	7	[100000, 20000, 10000, 1000, 500, 200, 50]
64200	5	[50000, 10000, 2000, 2000, 200]
85250	6	[50000, 20000, 10000, 5000, 200, 50]
158450	8	[100000, 50000, 5000, 2000, 1000, 200, 200, 50]
40700	4	[20000, 20000, 500, 200]
67800	7	[50000, 10000, 5000, 2000, 500, 200, 100]
17700	5	[10000, 5000, 2000, 500, 200]
160650	6	[100000, 50000, 10000, 500, 100, 50]
137100	6	[100000, 20000, 10000, 5000, 2000, 100]
42700	5	[20000, 20000, 2000, 500, 200]
95950	8	[50000, 20000, 20000, 5000, 500, 200, 200, 50]
53900	6	[50000, 2000, 1000, 500, 200, 200]
32800	6	[20000, 10000, 2000, 500, 200, 100]
11550	4	[10000, 1000, 500, 50]
191900	8	[100000, 50000, 20000, 20000, 1000, 500, 200, 200]
193100	7	[100000, 50000, 20000, 20000, 2000, 1000, 100]
78900	8	[50000, 20000, 5000, 2000, 1000, 500, 200, 200]
64900	7	[50000, 10000, 2000, 2000, 500, 200, 200]
168400	8	[100000, 50000, 10000, 5000, 2000, 1000, 200, 200]
59550	6	[50000, 5000, 2000, 2000, 500, 50]
36700	6	[20000, 10000, 5000, 1000, 500, 200]
155150	5	[100000, 50000, 5000, 100, 50]
58350	7	[50000, 5000, 2000, 1000, 200, 100, 50]
52250	4	[50000, 2000, 200, 50]
58400	6	[50000, 5000, 2000, 1000, 200, 200]
169800	9	[100000, 50000, 10000, 5000, 2000, 2000, 500, 200, 100]
182150	7	[100000, 50000, 20000, 10000, 2000, 100, 50]
186900	9	[100000, 50000, 20000, 10000, 5000, 1000, 500, 200, 200]
197550	8	[100000, 50000, 20000, 20000, 5000, 2000, 500, 50]
110800	5	[100000, 10000, 500, 200, 100]
55150	4	[50000, 5000, 100, 50]
156500	5	[100000, 50000, 5000, 1000, 500]
194650	9	[100000, 50000, 20000, 20000, 2000, 2000, 500, 100, 50]
194100	7	[100000, 50000, 20000, 20000, 2000, 2000, 100]
92500	5	[50000, 20000, 20000, 2000, 500]
187700	8	[100000, 50000, 20000, 10000, 5000, 2000, 500, 200]
19100	5	[10000, 5000, 2000, 2000, 100]
154250	6	[100000, 50000, 2000, 2000, 200, 50]
146550	7	[100000, 20000, 20000, 5000, 1000, 500, 50]
86800	8	[50000, 20000, 10000, 5000, 1000, 500, 200, 100]
121350	6	[100000, 20000, 1000, 200, 100, 50]
106900	6	[100000, 5000, 1000, 500, 200, 200]
15200	3	[10000, 5000, 200]
151450	6	[100000, 50000, 1000, 200, 200, 50]
178250	8	[100000, 50000, 20000, 5000, 2000, 1000, 200, 50]
34300	6	[20000, 10000, 2000, 2000, 200, 100]
57150	5	[50000, 5000, 2000, 100, 50]
3150	4	[2000, 1000, 100, 50]
1400	3	[1000, 200, 200]
182550	7	[100000, 50000, 20000, 10000, 2000, 500, 50]
197800	9	[100000, 50000, 20000, 20000, 5000, 2000, 500, 200, 100]
2000	1	[2000]
177800	8	[100000, 50000, 20000, 5000, 2000, 500, 200, 100]
8250	5	[5000, 2000, 1000, 200, 50]
165750	7	[100000, 50000, 10000, 5000, 500, 200, 50]
127700	6	[100000, 20000, 5000, 2000, 500, 200]
56250	5	[50000, 5000, 1000, 200, 50]
7050	3	[5000, 2000, 50]
700	2	[500, 200]
123000	4	[100000, 20000, 2000, 1000]
92050	5	[50000, 20000, 20000, 2000, 50]
2600	3	[2000, 500, 100]
165700	6	[100000, 50000, 10000, 5000, 500, 200]
65850	7	[50000, 10000, 5000, 500, 200, 100, 50]
27900	6	[20000, 5000, 2000, 500, 200, 200]
81800	7	[50000, 20000, 10000, 1000, 500, 200, 100]
157650	7	[100000, 50000, 5000, 2000, 500, 100, 50]
79450	8	[50000, 20000, 5000, 2000, 2000, 200, 200, 50]
106550	5	[100000, 5000, 1000, 500, 50]
15800	5	[10000, 5000, 500, 200, 100]
46150	6	[20000, 20000, 5000, 1000, 100, 50]
68700	7	[50000, 10000, 5000, 2000, 1000, 500, 200]
108600	6	[100000, 5000, 2000, 1000, 500, 100]
180700	6	[100000, 50000, 20000, 10000, 500, 200]
112250	5	[100000, 10000, 2000, 200, 50]
21550	4	[20000, 1000, 500, 50]
19200	5	[10000, 5000, 2000, 2000, 200]
162000	4	[100000, 50000, 10000, 2000]
81700	6	[50000, 20000, 10000, 1000, 500, 200]
101750	5	[100000, 1000, 500, 200, 50]
163450	8	[100000, 50000, 10000, 2000, 1000, 200, 200, 50]
76200	5	[50000, 20000, 5000, 1000, 200]
43300	6	[20000, 20000, 2000, 1000, 200, 100]
70000	2	[50000, 20000]
113300	6	[100000, 10000, 2000, 1000, 200, 100]
26150	5	[20000, 5000, 1000, 100, 50]
155400	5	[100000, 50000, 5000, 200, 200]
114200	5	[100000, 10000, 2000, 2000, 200]
112500	4	[100000, 10000, 2000, 500]
195450	8	[100000, 50000, 20000, 20000, 5000, 200, 200, 50]
138500	7	[100000, 20000, 10000, 5000, 2000, 1000, 500]
194700	8	[100000, 50000, 20000, 20000, 2000, 2000, 500, 200]
180800	7	[100000, 50000, 20000, 10000, 500, 200, 100]
26550	5	[20000, 5000, 1000, 500, 50]
74500	5	[50000, 20000, 2000, 2000, 500]
170250	5	[100000, 50000, 20000, 200, 50]
15150	4	[10000, 5000, 100, 50]
171650	7	[100000, 50000, 20000, 1000, 500, 100, 50]
75150	5	[50000, 20000, 5000, 100, 50]
172600	6	[100000, 50000, 20000, 2000, 500, 100]
51900	5	[50000, 1000, 500, 200, 200]
131750	7	[100000, 20000, 10000, 1000, 500, 200, 50]
20400	3	[20000, 200, 200]
198800	10	[100000, 50000, 20000, 20000, 5000, 2000, 1000, 500, 200, 100]
166650	8	[100000, 50000, 10000, 5000, 1000, 500, 100, 50]
164100	6	[100000, 50000, 10000, 2000, 2000, 100]
38500	6	[20000, 10000, 5000, 2000, 1000, 500]
178550	8	[100000, 50000, 20000, 5000, 2000, 1000, 500, 50]
105550	4	[100000, 5000, 500, 50]
59300	6	[50000, 5000, 2000, 2000, 200, 100]
30850	6	[20000, 10000, 500, 200, 100, 50]
156950	8	[100000, 50000, 5000, 1000, 500, 200, 200, 50]
99350	9	[50000, 20000, 20000, 5000, 2000, 2000, 200, 100, 50]
102400	4	[100000, 2000, 200, 200]
156350	7	[100000, 50000, 5000, 1000, 200, 100, 50]
115900	6	[100000, 10000, 5000, 500, 200, 200]
181850	9	[100000, 50000, 20000, 10000, 1000, 500, 200, 100, 50]
169500	7	[100000, 50000, 10000, 5000, 2000, 2000, 500]
34800	7	[20000, 10000, 2000, 2000, 500, 200, 100]
173800	8	[100000, 50000, 20000, 2000, 1000, 500, 200, 100]
55050	3	[50000, 5000, 50]
166050	6	[100000, 50000, 10000, 5000, 1000, 50]
126500	5	[100000, 20000, 5000, 1000, 500]
20300	3	[20000, 200, 100]
67650	7	[50000, 10000, 5000, 2000, 500, 100, 50]
175900	7	[100000, 50000, 20000, 5000, 500, 200, 200]
77450	7	[50000, 20000, 5000, 2000, 200, 200, 50]
52850	6	[50000, 2000, 500, 200, 100, 50]
24600	5	[20000, 2000, 2000, 500, 100]
177050	6	[100000, 50000, 20000, 5000, 2000, 50]
186650	9	[100000, 50000, 20000, 10000, 5000, 1000, 500, 100, 50]
54450	6	[50000, 2000, 2000, 200, 200, 50]
193650	9	[100000, 50000, 20000, 20000, 2000, 1000, 500, 100, 50]
135500	5	[100000, 20000, 10000, 5000, 500]
105800	5	[100000, 5000, 500, 200, 100]
47450	7	[20000, 20000, 5000, 2000, 200, 200, 50]
85150	6	[50000, 20000, 10000, 5000, 100, 50]
9600	5	[5000, 2000, 2000, 500, 100]
4600	4	[2000, 2000, 500, 100]
144100	6	[100000, 20000, 20000, 2000, 2000, 100]
20500	2	[20000, 500]
159550	7	[100000, 50000, 5000, 2000, 2000, 500, 50]
163850	9	[100000, 50000, 10000, 2000, 1000, 500, 200, 100, 50]
133750	8	[100000, 20000, 10000, 2000, 1000, 500, 200, 50]
134450	8	[100000, 20000, 10000, 2000, 2000, 200, 200, 50]
73000	4	[50000, 20000, 2000, 1000]
129150	7	[100000, 20000, 5000, 2000, 2000, 100, 50]
71700	5	[50000, 20000, 1000, 500, 200]
39600	7	[20000, 10000, 5000, 2000, 2000, 500, 100]
161300	6	[100000, 50000, 10000, 1000, 200, 100]
141100	5	[100000, 20000, 20000, 1000, 100]
53650	6	[50000, 2000, 1000, 500, 100, 50]
74250	6	[50000, 20000, 2000, 2000, 200, 50]
66300	6	[50000, 10000, 5000, 1000, 200, 100]
93950	9	[50000, 20000, 20000, 2000, 1000, 500, 200, 200, 50]
74250	6	[50000, 20000, 2000, 2000, 200, 50]
179500	7	[100000, 50000, 20000, 5000, 2000, 2000, 500]
133600	7	[100000, 20000, 10000, 2000, 1000, 500, 100]
1450	4	[1000, 200, 200, 50]
35100	4	[20000, 10000, 5000, 100]
163350	8	[100000, 50000, 10000, 2000, 1000, 200, 100, 50]
79950	9	[50000, 20000, 5000, 2000, 2000, 500, 200, 200, 50]
111000	3	[100000, 10000, 1000]
180850	8	[100000, 50000, 20000, 10000, 500, 200, 100, 50]
184100	7	[100000, 50000, 20000, 10000, 2000, 2000, 100]
57750	6	[50000, 5000, 2000, 500, 200, 50]
12400	4	[10000, 2000, 200, 200]
123000	4	[100000, 20000, 2000, 1000]
108150	6	[100000, 5000, 2000, 1000, 100, 50]
196200	7	[100000, 50000, 20000, 20000, 5000, 1000, 200]
104500	4	[100000, 2000, 2000, 500]
161050	5	[100000, 50000, 10000, 1000, 50]
135600	6	[100000, 20000, 10000, 5000, 500, 100]
164600	7	[100000, 50000, 10000, 2000, 2000, 500, 100]
19700	6	[10000, 5000, 2000, 2000, 500, 200]
193150	8	[100000, 50000, 20000, 20000, 2000, 1000, 100, 50]
6950	6	[5000, 1000, 500, 200, 200, 50]
73750	7	[50000, 20000, 2000, 1000, 500, 200, 50]
38150	7	[20000, 10000, 5000, 2000, 1000, 100, 50]
16900	6	[10000, 5000, 1000, 500, 200, 200]
93600	7	[50000, 20000, 20000, 2000, 1000, 500, 100]
22250	4	[20000, 2000, 200, 50]
69150	7	[50000, 10000, 5000, 2000, 2000, 100, 50]
155200	4	[100000, 50000, 5000, 200]
108550	6	[100000, 5000, 2000, 1000, 500, 50]
32800	6	[20000, 10000, 2000, 500, 200, 100]
163750	8	[100000, 50000, 10000, 2000, 1000, 500, 200, 50]
110900	5	[100000, 10000, 500, 200, 200]
127550	6	[100000, 20000, 5000, 2000, 500, 50]
96200	6	[50000, 20000, 20000, 5000, 1000, 200]
148050	7	[100000, 20000, 20000, 5000, 2000, 1000, 50]
17750	6	[10000, 5000, 2000, 500, 200, 50]
145400	6	[100000, 20000, 20000, 5000, 200, 200]
199950	11	[100000, 50000, 20000, 20000, 5000, 2000, 2000, 500, 200, 200, 50]
70600	4	[50000, 20000, 500, 100]
47300	6	[20000, 20000, 5000, 2000, 200, 100]
195750	8	[100000, 50000, 20000, 20000, 5000, 500, 200, 50]
56800	6	[50000, 5000, 1000, 500, 200, 100]
64850	8	[50000, 10000, 2000, 2000, 500, 200, 100, 50]
84650	8	[50000, 20000, 10000, 2000, 2000, 500, 100, 50]
42450	6	[20000, 20000, 2000, 200, 200, 50]
133250	7	[100000, 20000, 10000, 2000, 1000, 200, 50]
140650	6	[100000, 20000, 20000, 500, 100, 50]
131900	7	[100000, 20000, 10000, 1000, 500, 200, 200]
72000	3	[50000, 20000, 2000]
147400	7	[100000, 20000, 20000, 5000, 2000, 200, 200]
4600	4	[2000, 2000, 500, 100]
29800	7	[20000, 5000, 2000, 2000, 500, 200, 100]
81650	7	[50000, 20000, 10000, 1000, 500, 100, 50]
125950	7	[100000, 20000, 5000, 500, 200, 200, 50]
193400	8	[100000, 50000, 20000, 20000, 2000, 1000, 200, 200]
34950	8	[20000, 10000, 2000, 2000, 500, 200, 200, 50]
56900	6	[50000, 5000, 1000, 500, 200, 200]
78950	9	[50000, 20000, 5000, 2000, 1000, 500, 200, 200, 50]
192950	9	[100000, 50000, 20000, 20000, 2000, 500, 200, 200, 50]
123950	8	[100000, 20000, 2000, 1000, 500, 200, 200, 50]
57300	5	[50000, 5000, 2000, 200, 100]
183100	7	[100000, 50000, 20000, 10000, 2000, 1000, 100]
145200	5	[100000, 20000, 20000, 5000, 200]
61350	6	[50000, 10000, 1000, 200, 100, 50]
127050	5	[100000, 20000, 5000, 2000, 50]
132000	4	[100000, 20000, 10000, 2000]
39650	8	[20000, 10000, 5000, 2000, 2000, 500, 100, 50]
30750	5	[20000, 10000, 500, 200, 50]
149850	10	[100000, 20000, 20000, 5000, 2000, 2000, 500, 200, 100, 50]
22400	4	[20000, 2000, 200, 200]
176200	6	[100000, 50000, 20000, 5000, 1000, 200]
125450	6	[100000, 20000, 5000, 200, 200, 50]
29200	5	[20000, 5000, 2000, 2000, 200]
91100	5	[50000, 20000, 20000, 1000, 100]
159800	8	[100000, 50000, 5000, 2000, 2000, 500, 200, 100]
83600	7	[50000, 20000, 10000, 2000, 1000, 500, 100]
168650	9	[100000, 50000, 10000, 5000, 2000, 1000, 500, 100, 50]
121250	5	[100000, 20000, 1000, 200, 50]
190400	6	[100000, 50000, 20000, 20000, 200, 200]
58400	6	[50000, 5000, 2000, 1000, 200, 200]
151500	4	[100000, 50000, 1000, 500]
5000	1	[5000]
30350	5	[20000, 10000, 200, 100, 50]
112800	6	[100000, 10000, 2000, 500, 200, 100]
45950	7	[20000, 20000, 5000, 500, 200, 200, 50]
179600	8	[100000, 50000, 20000, 5000, 2000, 2000, 500, 100]
113550	6	[100000, 10000, 2000, 1000, 500, 50]
99400	8	[50000, 20000, 20000, 5000, 2000, 2000, 200, 200]
6800	5	[5000, 1000, 500, 200, 100]
13850	7	[10000, 2000, 1000, 500, 200, 100, 50]
144050	6	[100000, 20000, 20000, 2000, 2000, 50]
56400	5	[50000, 5000, 1000, 200, 200]
73350	7	[50000, 20000, 2000, 1000, 200, 100, 50]
32650	6	[20000, 10000, 2000, 500, 100, 50]
129900	8	[100000, 20000, 5000, 2000, 2000, 500, 200, 200]
67750	7	[50000, 10000, 5000, 2000, 500, 200, 50]
70000	2	[50000, 20000]
119400	7	[100000, 10000, 5000, 2000, 2000, 200, 200]
92200	5	[50000, 20000, 20000, 2000, 200]
29650	7	[20000, 5000, 2000, 2000, 500, 100, 50]
20300	3	[20000, 200, 100]
150900	5	[100000, 50000, 500, 200, 200]
176800	8	[100000, 50000, 20000, 5000, 1000, 500, 200, 100]
124900	7	[100000, 20000, 2000, 2000, 500, 200, 200]
51300	4	[50000, 1000, 200, 100]
154650	7	[100000, 50000, 2000, 2000, 500, 100, 50]
78900	8	[50000, 20000, 5000, 2000, 1000, 500, 200, 200]
181600	7	[100000, 50000, 20000, 10000, 1000, 500, 100]
67300	6	[50000, 10000, 5000, 2000, 200, 100]
104250	5	[100000, 2000, 2000, 200, 50]
135850	8	[100000, 20000, 10000, 5000, 500, 200, 100, 50]
17650	6	[10000, 5000, 2000, 500, 100, 50]
118800	8	[100000, 10000, 5000, 2000, 1000, 500, 200, 100]
26150	5	[20000, 5000, 1000, 100, 50]
77950	8	[50000, 20000, 5000, 2000, 500, 200, 200, 50]
90300	5	[50000, 20000, 20000, 200, 100]
141550	6	[100000, 20000, 20000, 1000, 500, 50]
161550	6	[100000, 50000, 10000, 1000, 500, 50]
65250	5	[50000, 10000, 5000, 200, 50]
62100	4	[50000, 10000, 2000, 100]
162700	6	[100000, 50000, 10000, 2000, 500, 200]
64800	7	[50000, 10000, 2000, 2000, 500, 200, 100]
23600	5	[20000, 2000, 1000, 500, 100]
15500	3	[10000, 5000, 500]
86900	8	[50000, 20000, 10000, 5000, 1000, 500, 200, 200]
81450	7	[50000, 20000, 10000, 1000, 200, 200, 50]
119800	8	[100000, 10000, 5000, 2000, 2000, 500, 200, 100]
148400	8	[100000, 20000, 20000, 5000, 2000, 1000, 200, 200]
120100	3	[100000, 20000, 100]
170550	5	[100000, 50000, 20000, 500, 50]
26300	5	[20000, 5000, 1000, 200, 100]
58650	7	[50000, 5000, 2000, 1000, 500, 100, 50]
193250	8	[100000, 50000, 20000, 20000, 2000, 1000, 200, 50]
52950	6	[50000, 2000, 500, 200, 200, 50]
182300	7	[100000, 50000, 20000, 10000, 2000, 200, 100]
101500	3	[100000, 1000, 500]
13650	6	[10000, 2000, 1000, 500, 100, 50]
96500	6	[50000, 20000, 20000, 5000, 1000, 500]
195350	8	[100000, 50000, 20000, 20000, 5000, 200, 100, 50]
10650	4	[10000, 500, 100, 50]
139650	9	[100000, 20000, 10000, 5000, 2000, 2000, 500, 100, 50]
189200	8	[100000, 50000, 20000, 10000, 5000, 2000, 2000, 200]
25550	4	[20000, 5000, 500, 50]
184200	7	[100000, 50000, 20000, 10000, 2000, 2000, 200]
25800	5	[20000, 5000, 500, 200, 100]
178650	9	[100000, 50000, 20000, 5000, 2000, 1000, 500, 100, 50]
194300	8	[100000, 50000, 20000, 20000, 2000, 2000, 200, 100]
36850	8	[20000, 10000, 5000, 1000, 500, 200, 100, 50]
29450	7	[20000, 5000, 2000, 2000, 200, 200, 50]
169650	9	[100000, 50000, 10000, 5000, 2000, 2000, 500, 100, 50]
180850	8	[100000, 50000, 20000, 10000, 500, 200, 100, 50]
190050	5	[100000, 50000, 20000, 20000, 50]
7000	2	[5000, 2000]
163550	7	[100000, 50000, 10000, 2000, 1000, 500, 50]
93300	7	[50000, 20000, 20000, 2000, 1000, 200, 100]
80850	7	[50000, 20000, 10000, 500, 200, 100, 50]
76150	6	[50000, 20000, 5000, 1000, 100, 50]
164750	8	[100000, 50000, 10000, 2000, 2000, 500, 200, 50]
134550	7	[100000, 20000, 10000, 2000, 2000, 500, 50]
11200	3	[10000, 1000, 200]
2550	3	[2000, 500, 50]
137650	8	[100000, 20000, 10000, 5000, 2000, 500, 100, 50]
4850	6	[2000, 2000, 500, 200, 100, 50]
44150	6	[20000, 20000, 2000, 2000, 100, 50]
132850	8	[100000, 20000, 10000, 2000, 500, 200, 100, 50]
8100	4	[5000, 2000, 1000, 100]
15650	5	[10000, 5000, 500, 100, 50]
55750	5	[50000, 5000, 500, 200, 50]
11650	5	[10000, 1000, 500, 100, 50]
177550	7	[100000, 50000, 20000, 5000, 2000, 500, 50]
156550	6	[100000, 50000, 5000, 1000, 500, 50]
84000	5	[50000, 20000, 10000, 2000, 2000]
160550	5	[100000, 50000, 10000, 500, 50]
66350	7	[50000, 10000, 5000, 1000, 200, 100, 50]
166750	8	[100000, 50000, 10000, 5000, 1000, 500, 200, 50]
118350	8	[100000, 10000, 5000, 2000, 1000, 200, 100, 50]
113100	5	[100000, 10000, 2000, 1000, 100]
197700	8	[100000, 50000, 20000, 20000, 5000, 2000, 500, 200]
90500	4	[50000, 20000, 20000, 500]
170400	5	[100000, 50000, 20000, 200, 200]
74950	8	[50000, 20000, 2000, 2000, 500, 200, 200, 50]
49450	8	[20000, 20000, 5000, 2000, 2000, 200, 200, 50]
79400	7	[50000, 20000, 5000, 2000, 2000, 200, 200]
91800	7	[50000, 20000, 20000, 1000, 500, 200, 100]
195750	8	[100000, 50000, 20000, 20000, 5000, 500, 200, 50]
152650	6	[100000, 50000, 2000, 500, 100, 50]
148500	7	[100000, 20000, 20000, 5000, 2000, 1000, 500]
35650	6	[20000, 10000, 5000, 500, 100, 50]
10250	3	[10000, 200, 50]
144150	7	[100000, 20000, 20000, 2000, 2000, 100, 50]
195250	7	[100000, 50000, 20000, 20000, 5000, 200, 50]
104500	4	[100000, 2000, 2000, 500]
33600	6	[20000, 10000, 2000, 1000, 500, 100]
188200	8	[100000, 50000, 20000, 10000, 5000, 2000, 1000, 200]
149950	10	[100000, 20000, 20000, 5000, 2000, 2000, 500, 200, 200, 50]
153250	6	[100000, 50000, 2000, 1000, 200, 50]
57900	6	[50000, 5000, 2000, 500, 200, 200]
128850	9	[100000, 20000, 5000, 2000, 1000, 500, 200, 100, 50]
47250	6	[20000, 20000, 5000, 2000, 200, 50]
144050	6	[100000, 20000, 20000, 2000, 2000, 50]
144700	7	[100000, 20000, 20000, 2000, 2000, 500, 200]
118100	6	[100000, 10000, 5000, 2000, 1000, 100]
198250	9	[100000, 50000, 20000, 20000, 5000, 2000, 1000, 200, 50]
184100	7	[100000, 50000, 20000, 10000, 2000, 2000, 100]
159550	7	[100000, 50000, 5000, 2000, 2000, 500, 50]
55900	5	[50000, 5000, 500, 200, 200]
72200	4	[50000, 20000, 2000, 200]
51700	4	[50000, 1000, 500, 200]
73400	6	[50000, 20000, 2000, 1000, 200, 200]
83600	7	[50000, 20000, 10000, 2000, 1000, 500, 100]
70450	5	[50000, 20000, 200, 200, 50]
186350	9	[100000, 50000, 20000, 10000, 5000, 1000, 200, 100, 50]
113500	5	[100000, 10000, 2000, 1000, 500]
162350	7	[100000, 50000, 10000, 2000, 200, 100, 50]
92750	7	[50000, 20000, 20000, 2000, 500, 200, 50]
147500	6	[100000, 20000, 20000, 5000, 2000, 500]
136150	7	[100000, 20000, 10000, 5000, 1000, 100, 50]
183450	9	[100000, 50000, 20000, 10000, 2000, 1000, 200, 200, 50]
167950	9	[100000, 50000, 10000, 5000, 2000, 500, 200, 200, 50]
34100	5	[20000, 10000, 2000, 2000, 100]
199900	10	[100000, 50000, 20000, 20000, 5000, 2000, 2000, 500, 200, 200]
104950	7	[100000, 2000, 2000, 500, 200, 200, 50]
25150	4	[20000, 5000, 100, 50]
158600	7	[100000, 50000, 5000, 2000, 1000, 500, 100]
41350	6	[20000, 20000, 1000, 200, 100, 50]
190750	7	[100000, 50000, 20000, 20000, 500, 200, 50]
192250	7	[100000, 50000, 20000, 20000, 2000, 200, 50]
143700	7	[100000, 20000, 20000, 2000, 1000, 500, 200]
87450	8	[50000, 20000, 10000, 5000, 2000, 200, 200, 50]
183350	9	[100000, 50000, 20000, 10000, 2000, 1000, 200, 100, 50]
189500	8	[100000, 50000, 20000, 10000, 5000, 2000, 2000, 500]
200000	2	[100000, 100000]
103350	6	[100000, 2000, 1000, 200, 100, 50]
82850	8	[50000, 20000, 10000, 2000, 500, 200, 100, 50]
103750	6	[100000, 2000, 1000, 500, 200, 50]
30600	4	[20000, 10000, 500, 100]
28800	7	[20000, 5000, 2000, 1000, 500, 200, 100]
172200	5	[100000, 50000, 20000, 2000, 200]
11300	4	[10000, 1000, 200, 100]
164050	6	[100000, 50000, 10000, 2000, 2000, 50]
98450	9	[50000, 20000, 20000, 5000, 2000, 1000, 200, 200, 50]
166150	7	[100000, 50000, 10000, 5000, 1000, 100, 50]
99550	8	[50000, 20000, 20000, 5000, 2000, 2000, 500, 50]
18750	7	[10000, 5000, 2000, 1000, 500, 200, 50]
72400	5	[50000, 20000, 2000, 200, 200]
96100	6	[50000, 20000, 20000, 5000, 1000, 100]
99100	7	[50000, 20000, 20000, 5000, 2000, 2000, 100]
177400	7	[100000, 50000, 20000, 5000, 2000, 200, 200]
49000	5	[20000, 20000, 5000, 2000, 2000]
53700	5	[50000, 2000, 1000, 500, 200]
169000	6	[100000, 50000, 10000, 5000, 2000, 2000]
26100	4	[20000, 5000, 1000, 100]
149950	10	[100000, 20000, 20000, 5000, 2000, 2000, 500, 200, 200, 50]
199950	11	[100000, 50000, 20000, 20000, 5000, 2000, 2000, 500, 200, 200, 50]
124300	6	[100000, 20000, 2000, 2000, 200, 100]
198600	9	[100000, 50000, 20000, 20000, 5000, 2000, 1000, 500, 100]
47250	6	[20000, 20000, 5000, 2000, 200, 50]
189200	8	[100000, 50000, 20000, 10000, 5000, 2000, 2000, 200]
47750	7	[20000, 20000, 5000, 2000, 500, 200, 50]
192800	8	[100000, 50000, 20000, 20000, 2000, 500, 200, 100]
152450	6	[100000, 50000, 2000, 200, 200, 50]
36400	6	[20000, 10000, 5000, 1000, 200, 200]
143000	5	[100000, 20000, 20000, 2000, 1000]
137100	6	[100000, 20000, 10000, 5000, 2000, 100]
45350	6	[20000, 20000, 5000, 200, 100, 50]
70950	6	[50000, 20000, 500, 200, 200, 50]
164550	7	[100000, 50000, 10000, 2000, 2000, 500, 50]
154950	8	[100000, 50000, 2000, 2000, 500, 200, 200, 50]
148050	7	[100000, 20000, 20000, 5000, 2000, 1000, 50]
13100	4	[10000, 2000, 1000, 100]
20450	4	[20000, 200, 200, 50]
30550	4	[20000, 10000, 500, 50]
35900	6	[20000, 10000, 5000, 500, 200, 200]
141900	7	[100000, 20000, 20000, 1000, 500, 200, 200]
61150	5	[50000, 10000, 1000, 100, 50]
3800	5	[2000, 1000, 500, 200, 100]
75000	3	[50000, 20000, 5000]
175400	6	[100000, 50000, 20000, 5000, 200, 200]
158250	7	[100000, 50000, 5000, 2000, 1000, 200, 50]
62900	6	[50000, 10000, 2000, 500, 200, 200]
123400	6	[100000, 20000, 2000, 1000, 200, 200]
112300	5	[100000, 10000, 2000, 200, 100]
148050	7	[100000, 20000, 20000, 5000, 2000, 1000, 50]
176500	6	[100000, 50000, 20000, 5000, 1000, 500]
61400	5	[50000, 10000, 1000, 200, 200]
98800	9	[50000, 20000, 20000, 5000, 2000, 1000, 500, 200, 100]
23350	6	[20000, 2000, 1000, 200, 100, 50]
125800	6	[100000, 20000, 5000, 500, 200, 100]
149150	8	[100000, 20000, 20000, 5000, 2000, 2000, 100, 50]
160850	7	[100000, 50000, 10000, 500, 200, 100, 50]
106800	6	[100000, 5000, 1000, 500, 200, 100]
170000	3	[100000, 50000, 20000]
17250	5	[10000, 5000, 2000, 200, 50]
194350	9	[100000, 50000, 20000, 20000, 2000, 2000, 200, 100, 50]
168400	8	[100000, 50000, 10000, 5000, 2000, 1000, 200, 200]
123800	7	[100000, 20000, 2000, 1000, 500, 200, 100]
29000	4	[20000, 5000, 2000, 2000]
159800	8	[100000, 50000, 5000, 2000, 2000, 500, 200, 100]
169450	9	[100000, 50000, 10000, 5000, 2000, 2000, 200, 200, 50]
64850	8	[50000, 10000, 2000, 2000, 500, 200, 100, 50]
134850	9	[100000, 20000, 10000, 2000, 2000, 500, 200, 100, 50]
195650	8	[100000, 50000, 20000, 20000, 5000, 500, 100, 50]
19700	6	[10000, 5000, 2000, 2000, 500, 200]
14550	5	[10000, 2000, 2000, 500, 50]
69450	8	[50000, 10000, 5000, 2000, 2000, 200, 200, 50]
133000	5	[100000, 20000, 10000, 2000, 1000]
42500	4	[20000, 20000, 2000, 500]
67500	5	[50000, 10000, 5000, 2000, 500]
182700	7	[100000, 50000, 20000, 10000, 2000, 500, 200]
112900	6	[100000, 10000, 2000, 500, 200, 200]
90950	7	[50000, 20000, 20000, 500, 200, 200, 50]
57450	6	[50000, 5000, 2000, 200, 200, 50]
98950	10	[50000, 20000, 20000, 5000, 2000, 1000, 500, 200, 200, 50]
88600	8	[50000, 20000, 10000, 5000, 2000, 1000, 500, 100]
22950	6	[20000, 2000, 500, 200, 200, 50]
182650	8	[100000, 50000, 20000, 10000, 2000, 500, 100, 50]
126800	7	[100000, 20000, 5000, 1000, 500, 200, 100]
125950	7	[100000, 20000, 5000, 500, 200, 200, 50]
14650	6	[10000, 2000, 2000, 500, 100, 50]
188800	10	[100000, 50000, 20000, 10000, 5000, 2000, 1000, 500, 200, 100]
23600	5	[20000, 2000, 1000, 500, 100]
71100	4	[50000, 20000, 1000, 100]
74250	6	[50000, 20000, 2000, 2000, 200, 50]
20150	3	[20000, 100, 50]
20200	2	[20000, 200]
30850	6	[20000, 10000, 500, 200, 100, 50]
50700	3	[50000, 500, 200]
142950	8	[100000, 20000, 20000, 2000, 500, 200, 200, 50]
72350	6	[50000, 20000, 2000, 200, 100, 50]
131150	6	[100000, 20000, 10000, 1000, 100, 50]
109800	7	[100000, 5000, 2000, 2000, 500, 200, 100]
131900	7	[100000, 20000, 10000, 1000, 500, 200, 200]
51400	4	[50000, 1000, 200, 200]
39550	7	[20000, 10000, 5000, 2000, 2000, 500, 50]
155750	6	[100000, 50000, 5000, 500, 200, 50]
162250	6	[100000, 50000, 10000, 2000, 200, 50]
177850	9	[100000, 50000, 20000, 5000, 2000, 500, 200, 100, 50]
52800	5	[50000, 2000, 500, 200, 100]
99150	8	[50000, 20000, 20000, 5000, 2000, 2000, 100, 50]
1900	4	[1000, 500, 200, 200]
9900	6	[5000, 2000, 2000, 500, 200, 200]
46000	4	[20000, 20000, 5000, 1000]
43400	6	[20000, 20000, 2000, 1000, 200, 200]
133500	6	[100000, 20000, 10000, 2000, 1000, 500]
176100	6	[100000, 50000, 20000, 5000, 1000, 100]
127950	8	[100000, 20000, 5000, 2000, 500, 200, 200, 50]
97700	7	[50000, 20000, 20000, 5000, 2000, 500, 200]
131750	7	[100000, 20000, 10000, 1000, 500, 200, 50]
66350	7	[50000, 10000, 5000, 1000, 200, 100, 50]
52700	4	[50000, 2000, 500, 200]
182350	8	[100000, 50000, 20000, 10000, 2000, 200, 100, 50]
133000	5	[100000, 20000, 10000, 2000, 1000]
180250	6	[100000, 50000, 20000, 10000, 200, 50]
61600	5	[50000, 10000, 1000, 500, 100]
139700	8	[100000, 20000, 10000, 5000, 2000, 2000, 500, 200]
183300	8	[100000, 50000, 20000, 10000, 2000, 1000, 200, 100]
91000	4	[50000, 20000, 20000, 1000]
165700	6	[100000, 50000, 10000, 5000, 500, 200]
20250	3	[20000, 200, 50]
89950	10	[50000, 20000, 10000, 5000, 2000, 2000, 500, 200, 200, 50]
187600	8	[100000, 50000, 20000, 10000, 5000, 2000, 500, 100]
71350	6	[50000, 20000, 1000, 200, 100, 50]
182700	7	[100000, 50000, 20000, 10000, 2000, 500, 200]
16700	5	[10000, 5000, 1000, 500, 200]
174000	5	[100000, 50000, 20000, 2000, 2000]
42350	6	[20000, 20000, 2000, 200, 100, 50]
57850	7	[50000, 5000, 2000, 500, 200, 100, 50]
196850	10	[100000, 50000, 20000, 20000, 5000, 1000, 500, 200, 100, 50]
126350	7	[100000, 20000, 5000, 1000, 200, 100, 50]
15200	3	[10000, 5000, 200]
151850	7	[100000, 50000, 1000, 500, 200, 100, 50]
118300	7	[100000, 10000, 5000, 2000, 1000, 200, 100]
168450	9	[100000, 50000, 10000, 5000, 2000, 1000, 200, 200, 50]
37850	8	[20000, 10000, 5000, 2000, 500, 200, 100, 50]
199850	11	[100000, 50000, 20000, 20000, 5000, 2000, 2000, 500, 200, 100, 50]
46650	7	[20000, 20000, 5000, 1000, 500, 100, 50]
107800	6	[100000, 5000, 2000, 500, 200, 100]
130400	5	[100000, 20000, 10000, 200, 200]
116100	5	[100000, 10000, 5000, 1000, 100]
131500	5	[100000, 20000, 10000, 1000, 500]
185250	7	[100000, 50000, 20000, 10000, 5000, 200, 50]
144450	8	[100000, 20000, 20000, 2000, 2000, 200, 200, 50]
143550	7	[100000, 20000, 20000, 2000, 1000, 500, 50]
119150	7	[100000, 10000, 5000, 2000, 2000, 100, 50]
187100	7	[100000, 50000, 20000, 10000, 5000, 2000, 100]
68750	8	[50000, 10000, 5000, 2000, 1000, 500, 200, 50]
161700	6	[100000, 50000, 10000, 1000, 500, 200]
1100	2	[1000, 100]
156800	7	[100000, 50000, 5000, 1000, 500, 200, 100]
88500	7	[50000, 20000, 10000, 5000, 2000, 1000, 500]
82100	5	[50000, 20000, 10000, 2000, 100]
114450	7	[100000, 10000, 2000, 2000, 200, 200, 50]
168950	10	[100000, 50000, 10000, 5000, 2000, 1000, 500, 200, 200, 50]
139400	8	[100000, 20000, 10000, 5000, 2000, 2000, 200, 200]
152450	6	[100000, 50000, 2000, 200, 200, 50]
1700	3	[1000, 500, 200]
153400	6	[100000, 50000, 2000, 1000, 200, 200]
108350	7	[100000, 5000, 2000, 1000, 200, 100, 50]
90150	5	[50000, 20000, 20000, 100, 50]
89750	9	[50000, 20000, 10000, 5000, 2000, 2000, 500, 200, 50]
129950	9	[100000, 20000, 5000, 2000, 2000, 500, 200, 200, 50]
118000	5	[100000, 10000, 5000, 2000, 1000]
51250	4	[50000, 1000, 200, 50]
4000	2	[2000, 2000]
110750	5	[100000, 10000, 500, 200, 50]
41550	5	[20000, 20000, 1000, 500, 50]
147050	6	[100000, 20000, 20000, 5000, 2000, 50]
102500	3	[100000, 2000, 500]
53500	4	[50000, 2000, 1000, 500]
56000	3	[50000, 5000, 1000]
43300	6	[20000, 20000, 2000, 1000, 200, 100]
16850	7	[10000, 5000, 1000, 500, 200, 100, 50]
38150	7	[20000, 10000, 5000, 2000, 1000, 100, 50]
176600	7	[100000, 50000, 20000, 5000, 1000, 500, 100]
138100	7	[100000, 20000, 10000, 5000, 2000, 1000, 100]
180650	7	[100000, 50000, 20000, 10000, 500, 100, 50]
2700	3	[2000, 500, 200]
153900	7	[100000, 50000, 2000, 1000, 500, 200, 200]
164250	7	[100000, 50000, 10000, 2000, 2000, 200, 50]
41000	3	[20000, 20000, 1000]
65150	5	[50000, 10000, 5000, 100, 50]
116150	6	[100000, 10000, 5000, 1000, 100, 50]
82300	6	[50000, 20000, 10000, 2000, 200, 100]
173350	8	[100000, 50000, 20000, 2000, 1000, 200, 100, 50]
123950	8	[100000, 20000, 2000, 1000, 500, 200, 200, 50]
48000	5	[20000, 20000, 5000, 2000, 1000]
114250	6	[100000, 10000, 2000, 2000, 200, 50]
118550	7	[100000, 10000, 5000, 2000, 1000, 500, 50]
20450	4	[20000, 200, 200, 50]
131200	5	[100000, 20000, 10000, 1000, 200]
184950	10	[100000, 50000, 20000, 10000, 2000, 2000, 500, 200, 200, 50]
134600	7	[100000, 20000, 10000, 2000, 2000, 500, 100]
143950	9	[100000, 20000, 20000, 2000, 1000, 500, 200, 200, 50]
144850	9	[100000, 20000, 20000, 2000, 2000, 500, 200, 100, 50]
35150	5	[20000, 10000, 5000, 100, 50]
167300	7	[100000, 50000, 10000, 5000, 2000, 200, 100]
41850	7	[20000, 20000, 1000, 500, 200, 100, 50]
88900	9	[50000, 20000, 10000, 5000, 2000, 1000, 500, 200, 200]
72550	5	[50000, 20000, 2000, 500, 50]
150800	5	[100000, 50000, 500, 200, 100]
29450	7	[20000, 5000, 2000, 2000, 200, 200, 50]
188050	8	[100000, 50000, 20000, 10000, 5000, 2000, 1000, 50]
146350	8	[100000, 20000, 20000, 5000, 1000, 200, 100, 50]
54900	6	[50000, 2000, 2000, 500, 200, 200]
22250	4	[20000, 2000, 200, 50]
900	3	[500, 200, 200]
27450	6	[20000, 5000, 2000, 200, 200, 50]
130150	5	[100000, 20000, 10000, 100, 50]
125050	4	[100000, 20000, 5000, 50]
65900	6	[50000, 10000, 5000, 500, 200, 200]
184000	6	[100000, 50000, 20000, 10000, 2000, 2000]
194100	7	[100000, 50000, 20000, 20000, 2000, 2000, 100]
81150	6	[50000, 20000, 10000, 1000, 100, 50]
28500	5	[20000, 5000, 2000, 1000, 500]
173150	7	[100000, 50000, 20000, 2000, 1000, 100, 50]
118550	7	[100000, 10000, 5000, 2000, 1000, 500, 50]
130050	4	[100000, 20000, 10000, 50]
33550	6	[20000, 10000, 2000, 1000, 500, 50]
111900	6	[100000, 10000, 1000, 500, 200, 200]
36900	7	[20000, 10000, 5000, 1000, 500, 200, 200]
110200	3	[100000, 10000, 200]
191950	9	[100000, 50000, 20000, 20000, 1000, 500, 200, 200, 50]
185200	6	[100000, 50000, 20000, 10000, 5000, 200]
53900	6	[50000, 2000, 1000, 500, 200, 200]
186300	8	[100000, 50000, 20000, 10000, 5000, 1000, 200, 100]
13650	6	[10000, 2000, 1000, 500, 100, 50]
24300	5	[20000, 2000, 2000, 200, 100]
1000	1	[1000]
175000	4	[100000, 50000, 20000, 5000]
31450	6	[20000, 10000, 1000, 200, 200, 50]
39800	8	[20000, 10000, 5000, 2000, 2000, 500, 200, 100]
73350	7	[50000, 20000, 2000, 1000, 200, 100, 50]
53850	7	[50000, 2000, 1000, 500, 200, 100, 50]
194050	7	[100000, 50000, 20000, 20000, 2000, 2000, 50]
47850	8	[20000, 20000, 5000, 2000, 500, 200, 100, 50]
44900	7	[20000, 20000, 2000, 2000, 500, 200, 200]
42100	4	[20000, 20000, 2000, 100]
194250	8	[100000, 50000, 20000, 20000, 2000, 2000, 200, 50]
21000	2	[20000, 1000]
176650	8	[100000, 50000, 20000, 5000, 1000, 500, 100, 50]
58000	4	[50000, 5000, 2000, 1000]
35600	5	[20000, 10000, 5000, 500, 100]
72500	4	[50000, 20000, 2000, 500]
119500	6	[100000, 10000, 5000, 2000, 2000, 500]
16750	6	[10000, 5000, 1000, 500, 200, 50]
38100	6	[20000, 10000, 5000, 2000, 1000, 100]
122800	6	[100000, 20000, 2000, 500, 200, 100]
73350	7	[50000, 20000, 2000, 1000, 200, 100, 50]
126400	6	[100000, 20000, 5000, 1000, 200, 200]
30600	4	[20000, 10000, 500, 100]
181800	8	[100000, 50000, 20000, 10000, 1000, 500, 200, 100]
16800	6	[10000, 5000, 1000, 500, 200, 100]
61450	6	[50000, 10000, 1000, 200, 200, 50]
16300	5	[10000, 5000, 1000, 200, 100]
29250	6	[20000, 5000, 2000, 2000, 200, 50]
194350	9	[100000, 50000, 20000, 20000, 2000, 2000, 200, 100, 50]
115600	5	[100000, 10000, 5000, 500, 100]
58450	7	[50000, 5000, 2000, 1000, 200, 200, 50]
58000	4	[50000, 5000, 2000, 1000]
147050	6	[100000, 20000, 20000, 5000, 2000, 50]
164400	7	[100000, 50000, 10000, 2000, 2000, 200, 200]
162700	6	[100000, 50000, 10000, 2000, 500, 200]
64500	5	[50000, 10000, 2000, 2000, 500]
127250	6	[100000, 20000, 5000, 2000, 200, 50]
110300	4	[100000, 10000, 200, 100]
10300	3	[10000, 200, 100]
73000	4	[50000, 20000, 2000, 1000]
157500	5	[100000, 50000, 5000, 2000, 500]
16750	6	[10000, 5000, 1000, 500, 200, 50]
54200	4	[50000, 2000, 2000, 200]
66200	5	[50000, 10000, 5000, 1000, 200]
103550	5	[100000, 2000, 1000, 500, 50]
171050	5	[100000, 50000, 20000, 1000, 50]
45100	4	[20000, 20000, 5000, 100]
155700	5	[100000, 50000, 5000, 500, 200]
42150	5	[20000, 20000, 2000, 100, 50]
199750	10	[100000, 50000, 20000, 20000, 5000, 2000, 2000, 500, 200, 50]
152050	4	[100000, 50000, 2000, 50]
73800	7	[50000, 20000, 2000, 1000, 500, 200, 100]
144300	7	[100000, 20000, 20000, 2000, 2000, 200, 100]
156750	7	[100000, 50000, 5000, 1000, 500, 200, 50]
128700	7	[100000, 20000, 5000, 2000, 1000, 500, 200]
27650	6	[20000, 5000, 2000, 500, 100, 50]
112350	6	[100000, 10000, 2000, 200, 100, 50]
140000	3	[100000, 20000, 20000]
134650	8	[100000, 20000, 10000, 2000, 2000, 500, 100, 50]
71550	5	[50000, 20000, 1000, 500, 50]
153600	6	[100000, 50000, 2000, 1000, 500, 100]
68350	8	[50000, 10000, 5000, 2000, 1000, 200, 100, 50]
198550	9	[100000, 50000, 20000, 20000, 5000, 2000, 1000, 500, 50]
37000	4	[20000, 10000, 5000, 2000]
175300	6	[100000, 50000, 20000, 5000, 200, 100]
77100	5	[50000, 20000, 5000, 2000, 100]
120300	4	[100000, 20000, 200, 100]
30950	6	[20000, 10000, 500, 200, 200, 50]
100500	2	[100000, 500]
157500	5	[100000, 50000, 5000, 2000, 500]
90750	6	[50000, 20000, 20000, 500, 200, 50]
26700	5	[20000, 5000, 1000, 500, 200]
59600	6	[50000, 5000, 2000, 2000, 500, 100]
34800	7	[20000, 10000, 2000, 2000, 500, 200, 100]
109300	6	[100000, 5000, 2000, 2000, 200, 100]
54750	6	[50000, 2000, 2000, 500, 200, 50]
53950	7	[50000, 2000, 1000, 500, 200, 200, 50]
167850	9	[100000, 50000, 10000, 5000, 2000, 500, 200, 100, 50]
70750	5	[50000, 20000, 500, 200, 50]
21100	3	[20000, 1000, 100]
34450	7	[20000, 10000, 2000, 2000, 200, 200, 50]
155750	6	[100000, 50000, 5000, 500, 200, 50]
84300	7	[50000, 20000, 10000, 2000, 2000, 200, 100]
15550	4	[10000, 5000, 500, 50]
183700	8	[100000, 50000, 20000, 10000, 2000, 1000, 500, 200]
58150	6	[50000, 5000, 2000, 1000, 100, 50]
25800	5	[20000, 5000, 500, 200, 100]
6350	5	[5000, 1000, 200, 100, 50]
47300	6	[20000, 20000, 5000, 2000, 200, 100]
92450	7	[50000, 20000, 20000, 2000, 200, 200, 50]
84400	7	[50000, 20000, 10000, 2000, 2000, 200, 200]
196950	10	[100000, 50000, 20000, 20000, 5000, 1000, 500, 200, 200, 50]
33200	5	[20000, 10000, 2000, 1000, 200]
133050	6	[100000, 20000, 10000, 2000, 1000, 50]
47150	6	[20000, 20000, 5000, 2000, 100, 50]
14550	5	[10000, 2000, 2000, 500, 50]
48850	9	[20000, 20000, 5000, 2000, 1000, 500, 200, 100, 50]
48100	6	[20000, 20000, 5000, 2000, 1000, 100]
34000	4	[20000, 10000, 2000, 2000]
124100	5	[100000, 20000, 2000, 2000, 100]
11300	4	[10000, 1000, 200, 100]
159550	7	[100000, 50000, 5000, 2000, 2000, 500, 50]
94750	8	[50000, 20000, 20000, 2000, 2000, 500, 200, 50]
83300	7	[50000, 20000, 10000, 2000, 1000, 200, 100]
181400	7	[100000, 50000, 20000, 10000, 1000, 200, 200]
59550	6	[50000, 5000, 2000, 2000, 500, 50]
144500	6	[100000, 20000, 20000, 2000, 2000, 500]
18550	6	[10000, 5000, 2000, 1000, 500, 50]
46200	5	[20000, 20000, 5000, 1000, 200]
165850	8	[100000, 50000, 10000, 5000, 500, 200, 100, 50]
71000	3	[50000, 20000, 1000]
193450	9	[100000, 50000, 20000, 20000, 2000, 1000, 200, 200, 50]
104050	4	[100000, 2000, 2000, 50]
49550	7	[20000, 20000, 5000, 2000, 2000, 500, 50]
36900	7	[20000, 10000, 5000, 1000, 500, 200, 200]
173300	7	[100000, 50000, 20000, 2000, 1000, 200, 100]
79750	8	[50000, 20000, 5000, 2000, 2000, 500, 200, 50]
56300	5	[50000, 5000, 1000, 200, 100]
82550	6	[50000, 20000, 10000, 2000, 500, 50]
157400	6	[100000, 50000, 5000, 2000, 200, 200]
95800	7	[50000, 20000, 20000, 5000, 500, 200, 100]
164050	6	[100000, 50000, 10000, 2000, 2000, 50]
55800	5	[50000, 5000, 500, 200, 100]
47600	6	[20000, 20000, 5000, 2000, 500, 100]
64350	7	[50000, 10000, 2000, 2000, 200, 100, 50]
77350	7	[50000, 20000, 5000, 2000, 200, 100, 50]
128700	7	[100000, 20000, 5000, 2000, 1000, 500, 200]
42350	6	[20000, 20000, 2000, 200, 100, 50]
154500	5	[100000, 50000, 2000, 2000, 500]
155400	5	[100000, 50000, 5000, 200, 200]
64700	6	[50000, 10000, 2000, 2000, 500, 200]
171000	4	[100000, 50000, 20000, 1000]
61150	5	[50000, 10000, 1000, 100, 50]
114700	6	[100000, 10000, 2000, 2000, 500, 200]
111550	5	[100000, 10000, 1000, 500, 50]
72450	6	[50000, 20000, 2000, 200, 200, 50]
8550	5	[5000, 2000, 1000, 500, 50]
130550	5	[100000, 20000, 10000, 500, 50]
89000	6	[50000, 20000, 10000, 5000, 2000, 2000]
168850	10	[100000, 50000, 10000, 5000, 2000, 1000, 500, 200, 100, 50]
123600	6	[100000, 20000, 2000, 1000, 500, 100]
191400	7	[100000, 50000, 20000, 20000, 1000, 200, 200]
23800	6	[20000, 2000, 1000, 500, 200, 100]
127050	5	[100000, 20000, 5000, 2000, 50]
36200	5	[20000, 10000, 5000, 1000, 200]
145250	6	[100000, 20000, 20000, 5000, 200, 50]
26950	7	[20000, 5000, 1000, 500, 200, 200, 50]
51200	3	[50000, 1000, 200]
15850	6	[10000, 5000, 500, 200, 100, 50]
174300	7	[100000, 50000, 20000, 2000, 2000, 200, 100]
92950	8	[50000, 20000, 20000, 2000, 500, 200, 200, 50]
43300	6	[20000, 20000, 2000, 1000, 200, 100]
119350	8	[100000, 10000, 5000, 2000, 2000, 200, 100, 50]
20650	4	[20000, 500, 100, 50]
154700	6	[100000, 50000, 2000, 2000, 500, 200]
1750	4	[1000, 500, 200, 50]
163350	8	[100000, 50000, 10000, 2000, 1000, 200, 100, 50]
172700	6	[100000, 50000, 20000, 2000, 500, 200]
24900	6	[20000, 2000, 2000, 500, 200, 200]
27750	6	[20000, 5000, 2000, 500, 200, 50]
184300	8	[100000, 50000, 20000, 10000, 2000, 2000, 200, 100]
105850	6	[100000, 5000, 500, 200, 100, 50]
15800	5	[10000, 5000, 500, 200, 100]
191350	8	[100000, 50000, 20000, 20000, 1000, 200, 100, 50]
41650	6	[20000, 20000, 1000, 500, 100, 50]
175000	4	[100000, 50000, 20000, 5000]
78000	5	[50000, 20000, 5000, 2000, 1000]
138550	8	[100000, 20000, 10000, 5000, 2000, 1000, 500, 50]
79800	8	[50000, 20000, 5000, 2000, 2000, 500, 200, 100]
186100	7	[100000, 50000, 20000, 10000, 5000, 1000, 100]
130300	5	[100000, 20000, 10000, 200, 100]
10800	4	[10000, 500, 200, 100]
197100	7	[100000, 50000, 20000, 20000, 5000, 2000, 100]
188150	9	[100000, 50000, 20000, 10000, 5000, 2000, 1000, 100, 50]
34400	6	[20000, 10000, 2000, 2000, 200, 200]
80700	5	[50000, 20000, 10000, 500, 200]
50150	3	[50000, 100, 50]
188750	10	[100000, 50000, 20000, 10000, 5000, 2000, 1000, 500, 200, 50]
192300	7	[100000, 50000, 20000, 20000, 2000, 200, 100]
158250	7	[100000, 50000, 5000, 2000, 1000, 200, 50]
45850	7	[20000, 20000, 5000, 500, 200, 100, 50]
190550	6	[100000, 50000, 20000, 20000, 500, 50]
168550	8	[100000, 50000, 10000, 5000, 2000, 1000, 500, 50]
850	4	[500, 200, 100, 50]
116500	5	[100000, 10000, 5000, 1000, 500]
39500	6	[20000, 10000, 5000, 2000, 2000, 500]
175450	7	[100000, 50000, 20000, 5000, 200, 200, 50]
131450	7	[100000, 20000, 10000, 1000, 200, 200, 50]
147500	6	[100000, 20000, 20000, 5000, 2000, 500]
50450	4	[50000, 200, 200, 50]
197400	8	[100000, 50000, 20000, 20000, 5000, 2000, 200, 200]
139850	10	[100000, 20000, 10000, 5000, 2000, 2000, 500, 200, 100, 50]
142050	5	[100000, 20000, 20000, 2000, 50]
159150	7	[100000, 50000, 5000, 2000, 2000, 100, 50]
139700	8	[100000, 20000, 10000, 5000, 2000, 2000, 500, 200]
72650	6	[50000, 20000, 2000, 500, 100, 50]
174650	8	[100000, 50000, 20000, 2000, 2000, 500, 100, 50]
110750	5	[100000, 10000, 500, 200, 50]
79300	7	[50000, 20000, 5000, 2000, 2000, 200, 100]
115450	6	[100000, 10000, 5000, 200, 200, 50]
22050	3	[20000, 2000, 50]
23200	4	[20000, 2000, 1000, 200]
14750	6	[10000, 2000, 2000, 500, 200, 50]
191900	8	[100000, 50000, 20000, 20000, 1000, 500, 200, 200]
28700	6	[20000, 5000, 2000, 1000, 500, 200]
138350	9	[100000, 20000, 10000, 5000, 2000, 1000, 200, 100, 50]
18450	7	[10000, 5000, 2000, 1000, 200, 200, 50]
100250	3	[100000, 200, 50]
25650	5	[20000, 5000, 500, 100, 50]
148500	7	[100000, 20000, 20000, 5000, 2000, 1000, 500]
161850	8	[100000, 50000, 10000, 1000, 500, 200, 100, 50]
182250	7	[100000, 50000, 20000, 10000, 2000, 200, 50]
111450	6	[100000, 10000, 1000, 200, 200, 50]
120200	3	[100000, 20000, 200]
135800	7	[100000, 20000, 10000, 5000, 500, 200, 100]
70800	5	[50000, 20000, 500, 200, 100]
136550	7	[100000, 20000, 10000, 5000, 1000, 500, 50]
138050	7	[100000, 20000, 10000, 5000, 2000, 1000, 50]
34450	7	[20000, 10000, 2000, 2000, 200, 200, 50]
22950	6	[20000, 2000, 500, 200, 200, 50]
43700	6	[20000, 20000, 2000, 1000, 500, 200]
14350	6	[10000, 2000, 2000, 200, 100, 50]
24800	6	[20000, 2000, 2000, 500, 200, 100]
45650	6	[20000, 20000, 5000, 500, 100, 50]
136050	6	[100000, 20000, 10000, 5000, 1000, 50]
159300	7	[100000, 50000, 5000, 2000, 2000, 200, 100]
149200	7	[100000, 20000, 20000, 5000, 2000, 2000, 200]
200	1	[200]
82850	8	[50000, 20000, 10000, 2000, 500, 200, 100, 50]
68550	7	[50000, 10000, 5000, 2000, 1000, 500, 50]
175150	6	[100000, 50000, 20000, 5000, 100, 50]
194200	7	[100000, 50000, 20000, 20000, 2000, 2000, 200]
58650	7	[50000, 5000, 2000, 1000, 500, 100, 50]
126050	5	[100000, 20000, 5000, 1000, 50]
19300	6	[10000, 5000, 2000, 2000, 200, 100]
154550	6	[100000, 50000, 2000, 2000, 500, 50]
52050	3	[50000, 2000, 50]
182250	7	[100000, 50000, 20000, 10000, 2000, 200, 50]
167350	8	[100000, 50000, 10000, 5000, 2000, 200, 100, 50]
100200	2	[100000, 200]
168350	9	[100000, 50000, 10000, 5000, 2000, 1000, 200, 100, 50]
84250	7	[50000, 20000, 10000, 2000, 2000, 200, 50]
118750	8	[100000, 10000, 5000, 2000, 1000, 500, 200, 50]
119750	8	[100000, 10000, 5000, 2000, 2000, 500, 200, 50]
40600	4	[20000, 20000, 500, 100]
70350	5	[50000, 20000, 200, 100, 50]
130300	5	[100000, 20000, 10000, 200, 100]
157450	7	[100000, 50000, 5000, 2000, 200, 200, 50]
66050	5	[50000, 10000, 5000, 1000, 50]
9750	6	[5000, 2000, 2000, 500, 200, 50]
173750	8	[100000, 50000, 20000, 2000, 1000, 500, 200, 50]
153950	8	[100000, 50000, 2000, 1000, 500, 200, 200, 50]
105150	4	[100000, 5000, 100, 50]
117850	8	[100000, 10000, 5000, 2000, 500, 200, 100, 50]
193050	7	[100000, 50000, 20000, 20000, 2000, 1000, 50]
174750	8	[100000, 50000, 20000, 2000, 2000, 500, 200, 50]
60600	4	[50000, 10000, 500, 100]
142400	6	[100000, 20000, 20000, 2000, 200, 200]
90250	5	[50000, 20000, 20000, 200, 50]
180750	7	[100000, 50000, 20000, 10000, 500, 200, 50]
192250	7	[100000, 50000, 20000, 20000, 2000, 200, 50]
